,Edge,U,pval,adj_pvals
0,CHD4;KAT7,9965.5,4.595520786636016e-34,3.0251656835455377e-33
1,CHD4;EP300,9925.5,9.913873728859279e-34,5.4557878354996286e-33
2,CHD4;BRD4,6081.5,0.005905722304363686,0.006700648812830236
3,CHD4;NCOR1,9611.0,3.9291217432914655e-30,1.1838748687720406e-29
4,CHD4;TP53,2904.0,1.8472086147547295e-07,2.4145056628564087e-07
5,CHD4;NONO,9921.5,1.7646035663858155e-33,8.737062930414582e-33
6,CHD4;ATM,9982.0,2.390152930151004e-34,2.1750662503861302e-33
7,CHD4;NAB2,782.5,6.458596762841448e-25,1.4447191205423978e-24
8,CHD4;BRD3,57.0,9.543690397202092e-34,5.294220547789796e-33
9,CHD4;SUZ12,10000.0,1.7565483617207415e-34,2.1750662503861302e-33
10,CHD4;EZH2,9513.0,1.35372187764597e-28,3.6155044892924824e-28
11,CHD4;ARID1A,9099.0,5.804511123471425e-24,1.2398263561629943e-23
12,CHD4;SMARCE1,780.0,4.0145292724098895e-25,9.0562749121727e-25
13,CHD4;EED,9906.5,3.666835868949241e-33,1.633065046789765e-32
14,CHD4;ATR,8351.0,1.7808099836078436e-16,2.914052700449198e-16
15,CHD4;SMARCA4,4104.0,0.01743004213792105,0.019488264519137866
16,CHD4;SFPQ,475.5,7.52216744572921e-29,2.0389498582306e-28
17,CHD4;TRIM33,9745.0,1.284063986387841e-31,4.437725136956379e-31
18,CHD4;TRRAP,9983.5,2.473891964321425e-34,2.1750662503861302e-33
19,CHD4;TOP1,9927.0,1.0824326547488695e-33,5.900453083299831e-33
20,CHD4;JUN,388.5,1.462471044347961e-29,4.187489585142132e-29
21,CHD4;SPEN,9177.0,1.3206826951664789e-24,2.9108924709791777e-24
22,CHD4;TRIM27,6326.0,0.0011613600251322088,0.0013514007565174793
23,CHD4;NUMA1,7970.0,2.474263958857804e-13,3.730827330633757e-13
24,CHD4;SMARCD1,8725.0,6.645678448487071e-20,1.2152097734376359e-19
25,CHD4;PBRM1,5114.0,0.7791939919540216,0.792727240563173
26,CHD4;KMT2A,9997.5,1.5881153038716336e-34,2.1750662503861302e-33
27,CHD4;FBXW7,9959.5,3.8410371033582917e-34,2.66024533651428e-33
28,CHD4;MYC,9394.0,5.54577126209876e-27,1.354500740764192e-26
29,CHD4;CTCF,9702.5,6.8666959637583465e-31,2.1892344327259083e-30
30,CEP89;NIN,1113.0,1.7929230986073557e-21,3.4752340038065175e-21
31,CEP89;CNTRL,5295.5,0.46885978707716647,0.48587089179570836
32,SMC1A;STAG2,0.0,1.5267274889307463e-34,2.1750662503861302e-33
33,SMC1A;MLH1,7556.0,1.6814352172717384e-10,2.3874445813028464e-10
34,SMC1A;MSH2,9919.5,9.390601334818722e-34,5.226073786333898e-33
35,SMC1A;MSH6,9943.0,2.475580868370782e-34,2.1750662503861302e-33
36,SMC1A;EP300,9771.0,6.458458029847695e-32,2.298705556246512e-31
37,SMC1A;BRD4,7700.0,1.5201381334028148e-11,2.2129727839259174e-11
38,SMC1A;NBN,9992.0,1.1330037091952677e-34,2.1750662503861302e-33
39,SMC1A;ATM,7312.5,8.362414639558362e-09,1.1333531370319097e-08
40,SMC1A;RAD21,9162.0,4.52032255160049e-27,1.1087462553819229e-26
41,SMC1A;ZRSR2,0.0,1.7505618456880442e-34,2.1750662503861302e-33
42,SMC1A;CTCF,6757.0,1.3929074479171294e-05,1.7198600000005714e-05
43,SMC1A;STAG1,8735.0,2.6338376859480338e-20,4.8912106623516414e-20
44,SMC1A;ATR,3663.0,0.0006979546691450704,0.0008185040164795939
45,SMC1A;KDM5C,6472.0,0.00020169899597678286,0.00024053544861827523
46,SMC1A;ASXL1,0.0,2.044104521238847e-34,2.1750662503861302e-33
47,SMC1A;ATRX,6396.0,0.0004766863110926599,0.0005616869727706214
48,SMC1A;BRCA1,4549.5,0.24089608994941702,0.25467631901657545
49,SMC1A;CHEK2,7805.5,2.042173938833434e-12,3.030379189612859e-12
50,SMC1A;MYC,3412.0,9.936831367842189e-05,0.00011978266204137636
51,SMC1A;SRSF2,0.0,2.487592885212239e-34,2.1750662503861302e-33
52,ATP1A1;MAPK1,9648.0,4.4618120207727256e-30,1.340871508155699e-29
53,ATP1A1;PRKACA,9449.0,1.3446593831168894e-27,3.3995192597307756e-27
54,ATP1A1;NDRG1,1342.5,3.5560896962845754e-19,6.3243604906511775e-19
55,CCNC;CDK4,9439.0,1.801866470530137e-27,4.519049725799821e-27
56,CCNC;CREBBP,67.0,1.6360795298777233e-33,8.197879512885683e-33
57,CCNC;BRD4,13.0,2.794501554088746e-34,2.2581884895286096e-33
58,CCNC;ERCC3,381.0,1.3548361423353432e-29,3.885737516938545e-29
59,CCNC;CCND3,2325.0,5.75963061728151e-11,8.276625119885612e-11
60,CCNC;MED12,1391.5,1.0418808926761516e-18,1.8231596785259646e-18
61,CCNC;NOTCH1,167.5,3.247753334268795e-32,1.210812893552638e-31
62,CCNC;POLR2A,1170.5,5.268343172777767e-21,1.0042688364655247e-20
63,CCNC;FBXW7,87.0,2.928638063815641e-33,1.3343336564296665e-32
64,BCLAF1;CDK4,9989.5,3.0691530640524037e-34,2.3260949538081375e-33
65,BCLAF1;SF3B1,39.0,6.541861319064065e-34,3.931943081510506e-33
66,BCLAF1;THRAP3,2053.0,3.2196086390758344e-13,4.842022391926059e-13
67,BCLAF1;SFPQ,5381.5,0.34502397723477096,0.3615533248403179
68,BCLAF1;RBM15,8789.5,1.390778140193072e-20,2.6122441589713353e-20
69,BCLAF1;ATRX,9705.5,5.241911332278309e-31,1.6946721762725758e-30
70,BCLAF1;SRSF3,9.0,3.223486588156581e-34,2.360247806921429e-33
71,BCLAF1;BRCA1,9291.5,3.7837825629652485e-26,8.871609591321505e-26
72,ELK4;MAPK1,9782.0,6.500886771960148e-32,2.3114264078080526e-31
73,DDR2;COL1A1,2309.5,3.6606528755189316e-11,5.2735374480172687e-11
74,DDR2;PIK3CA,892.0,8.317090133023165e-24,1.7580344648151716e-23
75,DDR2;COL3A1,7337.0,8.391037676802834e-09,1.1367866017652135e-08
76,DDR2;EML4,34.5,5.836296869888167e-34,3.637240698174316e-33
77,PCM1;USP9X,9113.5,7.168820176304068e-24,1.519965799343979e-23
78,PCM1;DCTN1,9067.5,2.0842529855552666e-23,4.323684144086151e-23
79,PCM1;NIN,1262.0,3.0543485604839983e-20,5.653898567237652e-20
80,ATIC;DCTN1,9929.0,1.4182583195038934e-33,7.241841953711503e-33
81,ATIC;KIF5B,8689.5,1.2718439776819934e-19,2.3049254257309747e-19
82,ATIC;TFG,8666.0,1.6664080050623362e-19,3.002662182218683e-19
83,ATIC;TPM4,9687.0,1.258348387446244e-30,3.9607031211422765e-30
84,ATIC;MSN,7563.0,3.515335890389635e-10,4.952711307454782e-10
85,ATIC;FH,9994.5,2.81955500124096e-34,2.2581884895286096e-33
86,ATIC;PPFIBP1,9776.0,7.625815967223094e-32,2.6892673451758173e-31
87,ATIC;CLTC,10000.0,9.552819705525818e-35,2.1750662503861302e-33
88,ATIC;CANT1,3.0,2.6362320747181406e-34,2.2062172902922843e-33
89,ATIC;NPM1,9976.0,2.720493360148069e-34,2.2492882901128533e-33
90,ATIC;GMPS,855.0,2.616930807619374e-24,5.691700988755542e-24
91,ATIC;TPM3,8770.5,2.5222487200950294e-20,4.6890218271373976e-20
92,ATIC;NT5C2,602.5,5.42714941501446e-27,1.3264659390586967e-26
93,ATIC;PRKAR1A,9999.0,8.69204768159824e-35,2.1750662503861302e-33
94,ATIC;EML4,9563.5,4.694912369746971e-29,1.2939088636240456e-28
95,ATIC;RANBP2,9966.5,4.001708502736158e-34,2.745156920295337e-33
96,ATIC;WDCP,10000.0,1.4077669234057948e-34,2.1750662503861302e-33
97,TNFRSF14;TNFAIP3,6138.0,0.005329666498905063,0.006056996849791482
98,TNFRSF14;PTPN11,1724.0,1.1879633798036906e-15,1.900741407685905e-15
99,CCNB1IP1;LPP,2811.5,8.680057425482928e-08,1.1497998644104637e-07
100,CCNB1IP1;COX6C,9948.5,1.1016269188619985e-33,5.9861991062689725e-33
101,PER1;CHEK2,9371.5,1.2379390379670754e-26,2.962823625494607e-26
102,PER1;CREB1,518.5,6.353435174232472e-28,1.631312924379452e-27
103,PER1;CRTC1,371.0,8.104917100806801e-30,2.3778092954489223e-29
104,XPC;MLH1,660.5,1.120907904421221e-26,2.692048448700305e-26
105,XPC;MSH2,6850.5,4.716870326117469e-06,5.914914313157465e-06
106,XPC;MSH6,875.5,3.355669243279327e-24,7.26186155590066e-24
107,XPC;PMS2,630.0,3.726420997823694e-27,9.198936406056204e-27
108,XPC;ATM,861.0,3.67594614493324e-24,7.940043673055798e-24
109,XPC;BRCA1,896.5,7.006388302146957e-24,1.4864381812289677e-23
110,XPC;ERCC3,58.5,3.8509518958762993e-34,2.661777950429698e-33
111,XPC;POLD1,217.0,9.583632614926437e-32,3.352331408622041e-31
112,XPC;SMARCB1,945.0,2.921703286578692e-23,6.003214362910796e-23
113,XPC;ERCC5,672.5,6.030055125605242e-27,1.4717422679443303e-26
114,XPC;ERCC2,377.0,2.9980650777631654e-30,9.177425074180247e-30
115,XPC;PMS1,1644.5,1.0075965999327413e-17,1.6994894335615198e-17
116,XPC;ATR,93.0,2.4115247238906065e-33,1.1305218631681738e-32
117,LMNA;MAP2K2,616.5,4.3742483367491355e-27,1.0736791372020605e-26
118,LMNA;RB1,7595.0,2.087559805653326e-10,2.9568060198106127e-10
119,LMNA;TP53,1006.0,1.4044092048842193e-22,2.820243005275922e-22
120,LMNA;MAP2K1,7.0,2.0236225771657474e-34,2.1750662503861302e-33
121,LMNA;PCBP1,4618.0,0.3492807885263428,0.3657922439839517
122,LMNA;NUP98,6042.5,0.010494141838184767,0.011805909567957863
123,LMNA;AKAP9,5677.5,0.09737834875747872,0.10530024196052769
124,LMNA;CTNNB1,9881.0,5.860040258665667e-33,2.4941255091069637e-32
125,LMNA;CTCF,8126.5,1.906730697199055e-14,2.9629771985251506e-14
126,LMNA;AKT1,1972.5,1.14885976411783e-13,1.7514156792197708e-13
127,LMNA;BRAF,5340.5,0.4035446713033729,0.42058214234754426
128,LMNA;SRC,9526.5,1.4987740765018812e-28,3.996730870671683e-28
129,LMNA;MYC,9158.0,2.075539704180902e-24,4.528450263667423e-24
130,LMNA;BRCA1,6571.5,0.00011242667678831632,0.00013519366561601294
131,SPEN;NOTCH2,8044.5,3.7234647504690727e-14,5.729427505619374e-14
132,SPEN;EP300,9844.0,9.304486154980893e-33,3.778649136499878e-32
133,SPEN;NCOR1,2302.5,1.6611112292955688e-11,2.4151453127662962e-11
134,SPEN;NOTCH1,9923.5,1.3896356772029524e-33,7.136078603883215e-33
135,SPEN;NCOR2,9595.0,1.1007061371329575e-29,3.188634040177285e-29
136,DDX3X;EIF3E,6339.5,0.0010481293451448238,0.0012212862497709073
137,DDX3X;DDX5,9022.5,1.2994874819707927e-23,2.726793404791172e-23
138,DDX3X;FUS,9423.0,4.655583648083724e-28,1.1998282690363425e-27
139,DDX3X;TP53,9660.0,3.131190899460445e-30,9.551099513270343e-30
140,DDX3X;NONO,9999.5,1.6180474409724258e-34,2.1750662503861302e-33
141,DDX3X;PABPC1,9998.5,1.726888488179607e-34,2.1750662503861302e-33
142,DDX3X;USP9X,1178.5,3.885164722855639e-21,7.422404246649579e-21
143,DDX3X;EIF4A2,4986.5,0.9745350662028743,0.9763163870929378
144,DDX3X;HSP90AA1,4678.0,0.42973763447716684,0.44680302790405796
145,DDX3X;HNRNPA2B1,8624.0,5.082614840375124e-19,8.980325607533962e-19
146,DDX3X;SFPQ,10000.0,8.527956896823612e-35,2.1750662503861302e-33
147,DDX3X;HSP90AB1,8104.0,2.5979193836410863e-14,4.015388814786939e-14
148,DDX3X;KDM5C,7342.0,4.230071312213045e-09,5.782882300240618e-09
149,DDX3X;KDM6A,9900.5,1.1307991875268943e-33,6.10631561264523e-33
150,DDX3X;EIF1AX,6108.5,0.006646066506027802,0.007528287723642112
151,DDX3X;XPO1,10000.0,1.5215918720173221e-34,2.1750662503861302e-33
152,DDX3X;LSM14A,9559.0,6.504217960696332e-29,1.7713614871683628e-28
153,DDX3X;DDX6,9991.5,2.2598870587745097e-34,2.1750662503861302e-33
154,DDX3X;CTNNB1,5975.0,0.015841943320812506,0.01772984330204923
155,FUBP1;TP53,979.0,6.569316770099528e-23,1.3362895089737475e-22
156,FUBP1;ERCC3,9848.0,1.295529980819016e-32,5.16418871246888e-32
157,FUBP1;PCBP1,8869.5,3.186266912092113e-21,6.110842646054574e-21
158,FUBP1;RBM10,4714.0,0.4810556829236754,0.49731631474251337
159,FUBP1;SF3B1,147.0,1.571549035342451e-32,6.157906424198992e-32
160,FUBP1;HNRNPA2B1,8712.0,6.100413272931823e-20,1.1178700037779629e-19
161,FUBP1;SFPQ,3708.5,0.001556633304587485,0.0018022528310399826
162,FUBP1;SRSF3,4410.5,0.14903533344014103,0.15966091517951872
163,FUBP1;ERCC2,9909.0,2.414135228640371e-33,1.1305218631681738e-32
164,FUBP1;MYC,2904.0,2.8722489104371845e-07,3.7317639979213947e-07
165,FUBP1;IDH1,7409.5,3.836513225507952e-09,5.2531654941978936e-09
166,FUBP1;ATRX,3428.5,9.700725045712826e-05,0.00011701817018493378
167,FUBP1;SRSF2,2682.0,1.4038079800338934e-08,1.891446541519351e-08
168,EIF4A2;EIF3E,75.5,1.2846987543752232e-33,6.737357959212097e-33
169,EIF4A2;PABPC1,113.5,4.746888953472549e-33,2.045542172468969e-32
170,EIF4A2;SF3B1,9087.5,1.4351705002405226e-23,3.002390586459592e-23
171,EIF4A2;MTOR,9099.0,1.188408316795188e-23,2.496741120270012e-23
172,EIF4A2;DDX6,169.5,2.814742954278949e-32,1.0619816211777345e-31
173,EIF4A2;EIF1AX,8009.5,1.6366855111421278e-13,2.4841392738283683e-13
174,EIF4A2;RPL5,23.0,3.539305527319057e-34,2.5065245701669387e-33
175,NCOA1;CCND1,13.5,2.328765151920282e-34,2.1750662503861302e-33
176,NCOA1;RARA,43.5,5.178700736765497e-34,3.320517578156133e-33
177,NCOA1;CREBBP,7538.0,2.825885563807365e-10,3.994380576081086e-10
178,NCOA1;EP300,6511.5,0.0001642949043467241,0.00019653969865776342
179,NCOA1;STAT3,7676.0,3.585589293870735e-11,5.1697107215758285e-11
180,NCOA1;NCOR1,3503.0,0.0001893161466694444,0.00022592424132928174
181,NCOA1;TP53,7274.0,2.3872347464287728e-08,3.19778421847203e-08
182,NCOA1;STAT6,9974.0,2.993057960219447e-34,2.2884708690149177e-33
183,NCOA1;ARID1A,7027.5,4.331705665986076e-07,5.59222068795214e-07
184,NCOA1;SMARCE1,7400.5,3.8186904815657274e-09,5.230834048470533e-09
185,NCOA1;JUN,624.0,9.905920007925669e-27,2.3890341624138948e-26
186,NCOA1;SRC,4489.5,0.2102387269865159,0.22294723549107057
187,NCOA1;ASXL2,9747.0,2.3880821562734697e-31,7.966420783862076e-31
188,NCOA1;NCOR2,9816.5,2.6264957229855704e-32,9.931257350807582e-32
189,NCOA1;CTNNB1,1464.5,3.29938021519122e-18,5.6814439579974375e-18
190,NCOA1;NCOA2,8452.0,2.5220321917106727e-18,4.3580716272760426e-18
191,NCOA1;HIF1A,9918.5,1.1567665112369016e-33,6.189469778529522e-33
192,NCOA1;BRCA1,7502.0,8.212917977922218e-10,1.1472855509983502e-09
193,NCOA1;MYC,1111.0,1.762801998037221e-21,3.4187675113449135e-21
194,PIK3CA;MAPK1,441.0,2.5049814787639666e-29,7.032669366862931e-29
195,PIK3CA;TSC2,9891.0,4.0561413869399744e-33,1.776682463024658e-32
196,PIK3CA;CCND1,37.5,4.095245719027661e-34,2.786056930110157e-33
197,PIK3CA;MLH1,9980.0,2.8795820292900926e-34,2.2581884895286096e-33
198,PIK3CA;MSH2,54.5,8.468851620125582e-34,4.805968998219049e-33
199,PIK3CA;MSH6,5160.0,0.6917204856106319,0.7064379427512837
200,PIK3CA;PLCG1,1101.5,8.461223454986382e-22,1.6595907071755357e-21
201,PIK3CA;KRAS,9054.5,1.5196056919763746e-23,3.173267233516828e-23
202,PIK3CA;CDK4,9339.5,2.2501070494449916e-26,5.318994502655192e-26
203,PIK3CA;MDM2,247.5,2.7335836975957395e-31,9.005972601421234e-31
204,PIK3CA;KMT2C,6576.5,9.83268430541163e-05,0.00011856858673936703
205,PIK3CA;CREBBP,4944.0,0.890395867255789,0.8987173239591142
206,PIK3CA;MYC,4047.5,0.01963262250596127,0.021943836798383617
207,PIK3CA;RAC1,4939.5,0.8818458219847373,0.8911284095845766
208,PIK3CA;RAF1,530.0,3.075045002437342e-28,8.038846844495804e-28
209,PIK3CA;FGFR1,5550.5,0.17233268898419218,0.1838782874743341
210,PIK3CA;ARID1A,8380.5,9.084597766874706e-17,1.500782499154827e-16
211,PIK3CA;ATRX,6976.0,1.0363959828582618e-06,1.328555087818306e-06
212,PIK3CA;IDH1,853.0,3.762571377314377e-24,8.122077876326351e-24
213,PIK3CA;BRCA1,469.0,8.468743867438752e-29,2.284775863065443e-28
214,PIK3CA;CLTC,7811.0,3.502189946003902e-12,5.170255640063855e-12
215,PIK3CA;FBXW7,4639.0,0.3631489180296841,0.3799705300365087
216,PIK3CA;CBL,1115.5,8.497647010682684e-22,1.6657894537106839e-21
217,PIK3CA;SRC,8099.5,2.6653867948701255e-14,4.115986042480408e-14
218,PIK3CA;PIK3CB,6962.5,1.4625688677060547e-06,1.86311758451608e-06
219,PIK3CA;PPP2R1A,2267.0,1.782275881770452e-11,2.5880443056296984e-11
220,PIK3CA;AKT3,734.0,1.4415979044086214e-25,3.2994452699577455e-25
221,PIK3CA;STAT3,374.5,6.913075964194473e-30,2.0420162848082134e-29
222,PIK3CA;TP53,9117.5,5.8449832174850074e-24,1.2461605181757054e-23
223,PIK3CA;HSP90AB1,0.0,1.318477588767858e-34,2.1750662503861302e-33
224,PIK3CA;RALGDS,426.0,3.9866382374539495e-29,1.1048774457610946e-28
225,PIK3CA;SMAD4,7643.5,6.785255854533143e-11,9.726700151708894e-11
226,PIK3CA;JUN,724.5,1.4311749083884469e-25,3.277760426368769e-25
227,PIK3CA;FAT1,9995.5,2.1255899465397904e-34,2.1750662503861302e-33
228,PIK3CA;MAP3K1,2598.0,3.758841734640877e-09,5.150894938508673e-09
229,PIK3CA;NF1,6388.5,0.0005670200277790913,0.0006658583812451715
230,PIK3CA;KIF5B,9945.5,8.159021341595566e-34,4.642974561422043e-33
231,PIK3CA;HSP90AA1,0.5,1.7396683840341755e-34,2.1750662503861302e-33
232,PIK3CA;CBLB,9737.5,1.7858276845832726e-31,6.06148720997052e-31
233,PIK3CA;PMS2,9858.0,1.1839715013118025e-32,4.755687986408639e-32
234,PIK3CA;SGK1,10000.0,9.023098890280015e-35,2.1750662503861302e-33
235,PIK3CA;RHOA,2363.5,1.1234150356728263e-10,1.599720792453765e-10
236,PIK3CA;PTEN,2057.5,4.973172639937079e-13,7.45652262196206e-13
237,PIK3CA;AKT2,8888.0,6.491515256709156e-22,1.2768740311432467e-21
238,PIK3CA;IL6ST,9954.5,1.8280838988739875e-34,2.1750662503861302e-33
239,PIK3CA;FOXO3,2878.5,1.6573733850316775e-07,2.1712973535517352e-07
240,PIK3CA;MAP2K1,3057.5,1.627916636088728e-06,2.0714579876003843e-06
241,PIK3CA;IDH2,1874.0,2.065161393329763e-14,3.204848574471334e-14
242,PIK3CA;ARAF,1222.0,8.327918369392484e-21,1.577056760801119e-20
243,PIK3CA;KMT2D,7294.5,1.4374495496824757e-08,1.9352651514229202e-08
244,PIK3CA;AKT1,5195.0,0.6317286054925069,0.6476576863192239
245,PIK3CA;PTPN11,5544.5,0.17700056625991523,0.18862595035284213
246,PIK3CA;MTOR,795.5,5.034560492453612e-25,1.1298338351895898e-24
247,PIK3CA;GNAS,9791.5,6.513618909766643e-32,2.3135731708277e-31
248,PIK3CA;BRAF,3378.5,4.47732592942637e-05,5.467716753391355e-05
249,PIK3CA;B2M,8370.5,1.5494962677661445e-16,2.539146088857181e-16
250,PIK3CA;NPM1,44.5,6.1642575530447005e-34,3.77056178819867e-33
251,PIK3CA;GNAQ,9874.0,5.8777742255816894e-33,2.495526747372275e-32
252,PIK3CA;PBRM1,9798.5,2.1881160164057262e-32,8.393039903105648e-32
253,PIK3CA;MAP2K4,1174.5,7.801752615298117e-21,1.4798494532640115e-20
254,PIK3CA;ABL1,62.0,1.1345545028564916e-33,6.112280988987515e-33
255,PIK3CA;JAK1,7098.0,1.6921145623186813e-07,2.215971173692066e-07
256,PIK3CA;LYN,3190.5,6.6256189605255694e-06,8.266476219341649e-06
257,PIK3CA;ERBB2,2186.0,2.131416656923293e-12,3.16009264964689e-12
258,PIK3CA;EIF1AX,181.0,5.143495559543053e-32,1.855524076595072e-31
259,PIK3CA;EML4,3931.5,0.0077650911663459865,0.008772852262468692
260,PIK3CA;CTNNB1,1428.5,1.1760942935851472e-18,2.054894781916213e-18
261,PIK3CA;NOTCH1,7380.5,4.468099267770623e-09,6.103458920717499e-09
262,PIK3CA;PIK3R1,2293.0,2.2558490110441622e-11,3.264746307440797e-11
263,PIK3CA;ETV6,106.5,4.216429752605641e-33,1.8306509076639568e-32
264,NSD2;EP300,9995.0,1.2551139035499474e-34,2.1750662503861302e-33
265,NSD2;BRD4,9742.0,9.918713645846987e-32,3.466033807891526e-31
266,NSD2;TP53,9061.5,1.9371545876020118e-23,4.026480513391606e-23
267,NSD2;ATM,8968.5,1.6518177824964352e-22,3.311300612707471e-22
268,NSD2;BRD3,1693.0,3.692879893924012e-16,5.991827658873889e-16
269,NSD2;CCND3,1915.5,4.2750220452667786e-14,6.56935357422943e-14
270,NSD2;KDM6A,9893.5,4.2005972434484814e-33,1.827965072655203e-32
271,NSD2;CHEK2,9573.0,3.465156660139815e-29,9.634417874049235e-29
272,NSD2;CTNNB1,4385.0,0.1260104641255563,0.13573471888946467
273,NSD2;BRCA1,8406.0,3.521384924166003e-17,5.876342973403045e-17
274,RB1;COL1A1,10000.0,2.064474130730105e-34,2.1750662503861302e-33
275,RB1;CCND1,8583.0,1.3456580545028275e-18,2.3464148518475136e-18
276,RB1;CDKN1B,5740.0,0.06793832333743452,0.0739511324265114
277,RB1;CDK4,3515.5,0.000250507871861713,0.0002982277661571065
278,RB1;MDM2,364.5,5.1755406590592286e-30,1.5432846003199908e-29
279,RB1;EP300,6750.5,1.3456932224063558e-05,1.662157175352525e-05
280,RB1;BRD4,6798.0,7.347206565373618e-06,9.153549347487823e-06
281,RB1;DNMT3A,9892.0,3.167693857078086e-33,1.429184069198677e-32
282,RB1;ABL1,3771.0,0.0026171858560703714,0.0030039835000263047
283,RB1;NPM1,554.0,1.1431419671114807e-27,2.9006597931991755e-27
284,RB1;PBRM1,9302.5,1.3010919483074835e-26,3.1096637436726576e-26
285,RB1;ARID2,9720.0,3.164178961874347e-31,1.0384997618459395e-30
286,RB1;CUX1,8675.0,1.7135699724460174e-19,3.086033259392098e-19
287,RB1;SMARCB1,9128.0,1.730368396554189e-24,3.7897041688791366e-24
288,RB1;PTEN,444.5,5.021669232314772e-29,1.380659416617331e-28
289,RB1;SS18,8478.0,7.848192789827883e-18,1.328273960903289e-17
290,RB1;EZH2,371.0,3.021494924743431e-30,9.224803024938101e-30
291,RB1;TP53,6564.5,0.00010637573877756396,0.00012814031133330815
292,RB1;JUN,1426.0,2.3275356097507967e-18,4.026007541190567e-18
293,RB1;SMARCE1,8637.0,3.8993663306318552e-19,6.925082239806625e-19
294,RB1;CHEK2,4025.0,0.01566428814982891,0.017536695771237034
295,RB1;MDM4,4045.5,0.01621593211932361,0.01813665417617553
296,RB1;ARID1B,9920.0,1.0692663558790678e-33,5.8378902463160485e-33
297,RB1;MYC,3938.5,0.009419921829563672,0.010618150633715608
298,RB1;SUZ12,1164.0,3.865164450511034e-21,7.38827894964941e-21
299,RB1;ARID1A,3550.0,0.0002597702245275909,0.000309041616511998
300,RB1;CCND3,2246.0,1.546807351788512e-11,2.249901602601472e-11
301,RB1;SMARCD1,9087.0,1.15975398091069e-23,2.4395068521164606e-23
302,RB1;BRCA1,46.5,3.72238482755944e-34,2.6041623408998834e-33
303,RB1;RAF1,346.5,1.691948219302494e-30,5.27741249630814e-30
304,RB1;KDM5A,1587.5,3.6869183723138424e-17,6.146642496245364e-17
305,RB1;SMARCA4,9840.5,8.956298120188423e-33,3.645814641150906e-32
306,RB1;EED,9928.0,1.8583888658243944e-33,9.084288430394775e-33
307,PSIP1;BRD4,7725.0,1.786108498879076e-11,2.5925203578857982e-11
308,PSIP1;RANBP2,8498.5,1.0214296192699264e-17,1.721980860583837e-17
309,PSIP1;PABPC1,10000.0,2.154399074348724e-34,2.1750662503861302e-33
310,PSIP1;NSD3,9974.5,2.982243782923969e-34,2.2884708690149177e-33
311,PSIP1;DDX10,9728.5,3.518827283991347e-31,1.1505266881243232e-30
312,PSIP1;NUP98,8861.5,2.8478328792954084e-21,5.4739212629838324e-21
313,PSIP1;MEN1,5653.5,0.10946612539791718,0.1181495719472835
314,PSIP1;RAP1GDS1,9983.5,2.888076714038326e-34,2.2581884895286096e-33
315,PSIP1;SMARCB1,9406.0,3.934395171512137e-27,9.684665037568338e-27
316,PSIP1;NUP214,9990.0,2.1159501153794356e-34,2.1750662503861302e-33
317,PSIP1;SRSF3,8896.0,1.556131229786119e-21,3.0230407701747203e-21
318,PSIP1;KMT2A,9017.0,6.350035010849084e-23,1.2924452884272342e-22
319,PSIP1;NSD1,9443.0,1.3949529903797066e-27,3.521517556429705e-27
320,PSIP1;HMGA1,9582.5,3.674390161340805e-29,1.0207952088097927e-28
321,SRSF3;DDX5,4868.5,0.7485655243256439,0.7631393663921608
322,SRSF3;FUS,7586.0,2.5741933748803615e-10,3.6415932474770893e-10
323,SRSF3;NONO,9210.5,4.212649005452826e-25,9.490818098334397e-25
324,SRSF3;NPM1,9897.0,3.940404380672031e-33,1.7414370255246214e-32
325,SRSF3;PCBP1,6811.5,8.809476542757906e-06,1.093197519991789e-05
326,SRSF3;PABPC1,3532.0,0.00032031566800353345,0.0003801548587294683
327,SRSF3;RBM10,3223.0,1.210877860575622e-05,1.4977787709911774e-05
328,SRSF3;SF3B1,17.5,4.025973188134416e-34,2.755200661028226e-33
329,SRSF3;HNRNPA2B1,9979.5,3.08097359524092e-34,2.329944145547619e-33
330,SRSF3;SFPQ,9642.0,7.023920040424868e-30,2.0712173771082207e-29
331,SRSF3;TPR,9993.5,2.8413036060030483e-34,2.2581884895286096e-33
332,SRSF3;SET,9629.0,6.0857424234005326e-30,1.8069008432364468e-29
333,SRSF3;TAF15,9007.0,1.0940901313970744e-22,2.2073412108046053e-22
334,SRSF3;EWSR1,3626.5,0.0007748166683750009,0.0009074098291779069
335,SRSF3;SRSF2,14.0,2.5412935919551166e-34,2.1793326684359512e-33
336,GOLPH3;GOLGA5,9759.0,2.6078489970833047e-31,8.616372976978874e-31
337,GOLPH3;CLTC,9225.5,4.912681237461249e-25,1.1031985936755085e-24
338,FBXO11;MSH6,9995.5,1.962516922216635e-34,2.1750662503861302e-33
339,FBXO11;TP53,3587.5,0.0004974497880116663,0.0005857534812157815
340,FBXO11;BCL6,6093.5,0.007156606642433341,0.00809598447013081
341,FBXO11;UBR5,1768.5,8.98217284456943e-16,1.441150851942059e-15
342,USP9X;FOXO3,2998.0,7.283771183287235e-07,9.368333907495603e-07
343,USP9X;KDM6A,7214.0,4.683102102832425e-08,6.239321845562398e-08
344,USP9X;CTNNB1,4856.5,0.7243609917241463,0.7393359679263584
345,USP9X;KDM5C,4133.0,0.032966613557906366,0.03651686424875782
346,USP9X;BCL10,3370.0,5.99903206603467e-05,7.292527196699197e-05
347,USP9X;AFDN,9940.0,1.1626294609066091e-33,6.200690458168583e-33
348,USP9X;SMAD3,4787.5,0.6008725496533522,0.6169386606066504
349,USP9X;UBR5,9920.0,1.8409383089617697e-33,9.0117320053426e-33
350,USP9X;SMAD4,9129.5,2.958108874660102e-24,6.413566041923032e-24
351,USP9X;FBXW7,6093.5,0.007159896840157261,0.008097056112429155
352,SFPQ;DDX5,3.5,2.0842192312222703e-34,2.1750662503861302e-33
353,SFPQ;FUS,33.5,6.1786482440760574e-34,3.772686984368702e-33
354,SFPQ;TP53,28.0,5.000003846326981e-34,3.217879570373565e-33
355,SFPQ;PRCC,8812.0,9.175228643613985e-21,1.734660294985226e-20
356,SFPQ;NONO,9779.5,8.856896399585538e-32,3.110714833025165e-31
357,SFPQ;PCBP1,870.5,5.813716820734501e-24,1.2410256536416575e-23
358,SFPQ;ASPSCR1,77.0,2.1920731541429927e-33,1.0420639368250595e-32
359,SFPQ;PABPC1,8522.0,7.1449200505166e-18,1.2128115763548808e-17
360,SFPQ;TFE3,0.0,2.4090312451976197e-34,2.1750662503861302e-33
361,SFPQ;THRAP3,140.0,9.316438382361493e-33,3.7790623297466336e-32
362,SFPQ;HNRNPA2B1,3056.5,1.1244819521259726e-06,1.4372077021255034e-06
363,SFPQ;SRSF2,0.0,2.231040884374027e-34,2.1750662503861302e-33
364,SFPQ;LSM14A,10000.0,2.090480550127916e-34,2.1750662503861302e-33
365,SFPQ;EWSR1,0.0,1.1957572145779496e-34,2.1750662503861302e-33
366,SFPQ;TAF15,7010.5,4.193408007334183e-07,5.415701821131142e-07
367,SFPQ;CLTC,6614.5,7.212821111101732e-05,8.752636853921203e-05
368,SFPQ;TOP1,9840.5,8.110202848559604e-33,3.3367691719788084e-32
369,SFPQ;ZMYM2,9272.5,1.1396951404704422e-25,2.620616370902095e-25
370,IDH1;STAG2,6765.5,1.5700326143807662e-05,1.9357947610773915e-05
371,IDH1;KRAS,9455.5,8.445475356974838e-28,2.1572478073691824e-27
372,IDH1;DNMT3A,8139.5,1.6588367368167398e-14,2.5824052983957892e-14
373,IDH1;SDHA,0.0,1.9774221320081236e-34,2.1750662503861302e-33
374,IDH1;TP53,9998.0,2.409120891266027e-34,2.1750662503861302e-33
375,IDH1;ERBB2,4978.5,0.9589636331122535,0.9620256360046293
376,IDH1;NPM1,10000.0,2.3023873069712123e-34,2.1750662503861302e-33
377,IDH1;RUNX1,1.5,1.980588220288303e-34,2.1750662503861302e-33
378,IDH1;ZRSR2,8278.5,1.0010637945236058e-15,1.6046736891806966e-15
379,IDH1;EZH2,5033.5,0.9355358191487784,0.9404339124427511
380,IDH1;IDH2,425.5,1.1717854295682804e-29,3.383200037249772e-29
381,IDH1;NF1,9500.5,3.542818834221916e-28,9.212928435719294e-28
382,IDH1;FH,1574.5,4.1050537861826965e-17,6.840436781604339e-17
383,IDH1;MDM4,5521.0,0.20318401852265078,0.21559839361813973
384,IDH1;SDHC,7089.0,3.0107957733120274e-07,3.9044315919573604e-07
385,IDH1;GNAS,7997.5,2.2296431914003316e-13,3.3707991555028633e-13
386,IDH1;PTEN,8904.0,1.2870719651073878e-21,2.5088103279250603e-21
387,IDH1;ABL1,9254.5,2.3582131782982773e-25,5.351270350754331e-25
388,IDH1;ATRX,2682.0,1.4048760691819355e-08,1.8921479715872054e-08
389,IDH1;SDHB,949.0,2.5536945511895105e-23,5.265852248753549e-23
390,IDH1;SDHD,862.0,4.443756331524613e-24,9.550759876709616e-24
391,IDH1;ASXL1,7639.0,1.041633501753004e-10,1.4844888173436625e-10
392,IDH1;KDM6A,6906.5,3.113229698561688e-06,3.921035655331339e-06
393,IDH1;SRSF2,506.5,3.758032422284601e-28,9.73595206253042e-28
394,IDH1;ETV6,521.0,6.61105330080003e-28,1.694940668216981e-27
395,IDH1;NFE2L2,4986.5,0.9746213933653458,0.9763163870929378
396,IDH1;CTNNB1,7876.5,1.652519182737928e-12,2.455333747008718e-12
397,IDH1;PTPN11,3053.0,1.7882102952712175e-06,2.2695757548502857e-06
398,IDH1;AKT1,8374.5,1.5393562256211322e-16,2.523726335743184e-16
399,IDH1;BRAF,2828.0,1.0637678489122474e-07,1.4042710793891242e-07
400,IDH1;HIF1A,82.5,2.3198707917191803e-33,1.0952832590411868e-32
401,IDH1;MYC,9888.5,5.9546774911117734e-33,2.525075510341385e-32
402,IDH1;FGFR1,11.5,3.1625507797510477e-34,2.352221943645905e-33
403,BTG1;FOXO3,325.0,3.0215500648813453e-30,9.224803024938101e-30
404,CANT1;GMPS,1366.5,6.408667589585364e-19,1.127716659348626e-18
405,CANT1;NT5C2,2548.5,4.990213861026662e-10,7.002102762366278e-10
406,ATF1;FUS,9931.0,1.3463958852584451e-33,6.98670297215193e-33
407,ATF1;PRKACA,10000.0,2.1162066503951475e-34,2.1750662503861302e-33
408,ATF1;CREBBP,9912.0,2.782731799333838e-33,1.2754802517901518e-32
409,ATF1;EP300,9585.0,2.1116863502071307e-29,5.94298699211388e-29
410,ATF1;EWSR1,9764.5,1.5748416775295797e-31,5.378115452116826e-31
411,ATF1;CREB1,9775.5,9.249295345672564e-32,3.2419436830268135e-31
412,ATF1;CREB3L2,9998.0,1.2563439148912344e-34,2.1750662503861302e-33
413,PIK3R1;MAPK1,934.5,1.285401102979103e-23,2.6988737617835846e-23
414,PIK3R1;PLCG1,994.0,1.0071809081749469e-22,2.0343759314159067e-22
415,PIK3R1;RARA,4456.5,0.18278743088222593,0.1946128654124993
416,PIK3R1;KRAS,9998.0,1.822249603984712e-34,2.1750662503861302e-33
417,PIK3R1;MDM2,708.5,5.0123026209540305e-26,1.1696500916959573e-25
418,PIK3R1;CREBBP,7737.5,1.1783397439035367e-11,1.7204656336842514e-11
419,PIK3R1;EP300,6203.5,0.0028789454144910647,0.003290223330846931
420,PIK3R1;CBL,8174.5,3.1604486196766295e-15,5.003440416675416e-15
421,PIK3R1;YWHAE,2645.5,6.63287478199674e-09,9.021336185195093e-09
422,PIK3R1;STAT3,31.5,3.283599005639155e-34,2.394394864786958e-33
423,PIK3R1;TP53,4241.5,0.0632539900013451,0.06902614128343817
424,PIK3R1;ERBB2,619.0,3.1684705347962118e-27,7.849630228140293e-27
425,PIK3R1;ATM,5181.5,0.6555665996963735,0.670108893389727
426,PIK3R1;GNAQ,9792.0,3.8856346588237523e-32,1.4225374344168315e-31
427,PIK3R1;ARAF,6744.5,1.4639767633637965e-05,1.8056758366114492e-05
428,PIK3R1;STAT5B,7016.5,5.457566772055519e-07,7.032569263319864e-07
429,PIK3R1;NPM1,1065.0,4.76426344603389e-22,9.408739696853214e-22
430,PIK3R1;BCR,193.5,5.241613814344906e-32,1.888948627984984e-31
431,PIK3R1;KIF5B,9998.5,1.3428914555295475e-34,2.1750662503861302e-33
432,PIK3R1;EML4,9403.0,3.2942973894063904e-27,8.143842473382321e-27
433,PIK3R1;IDH2,249.0,3.2224982479825013e-31,1.0566369966819284e-30
434,PIK3R1;HSP90AA1,4972.5,0.9469743553665702,0.9516555313017931
435,PIK3R1;RAC1,3309.0,2.763550855085969e-05,3.3916305948782346e-05
436,PIK3R1;NF1,8474.0,9.150511218294178e-18,1.545658199923005e-17
437,PIK3R1;TGFBR2,5640.5,0.11244878338466623,0.12133093830078254
438,PIK3R1;MTOR,80.0,1.9599084199400336e-33,9.504468806318015e-33
439,PIK3R1;JUN,1138.0,3.507430076306165e-21,6.719333893411367e-21
440,PIK3R1;PTEN,1564.0,4.116548228347698e-17,6.856284663696215e-17
441,PIK3R1;ABL1,52.5,9.24965154837579e-34,5.164264257057629e-33
442,PIK3R1;SRC,4229.0,0.05850815340739598,0.06409007232201601
443,PIK3R1;IL6ST,8586.0,1.303278268811952e-19,2.3581830874419403e-19
444,PIK3R1;AKT2,8311.5,1.0661329222042965e-16,1.75538607867463e-16
445,PIK3R1;PRKAR1A,9831.0,2.3180153882942613e-32,8.847164125082097e-32
446,PIK3R1;ETV6,7684.5,2.947469161656018e-11,4.254993075473349e-11
447,PIK3R1;FGFR1,9987.0,1.5098539861304714e-34,2.1750662503861302e-33
448,PIK3R1;RHOA,1792.5,4.467994970114587e-15,7.0540843383810015e-15
449,PIK3R1;RAF1,239.5,1.7127412587961359e-31,5.831757428964971e-31
450,PIK3R1;BRCA1,4249.0,0.06496887091755904,0.07085276676903883
451,PIK3R1;BRAF,5045.0,0.9107605153035933,0.9168501250621954
452,PIK3R1;NOTCH1,9886.0,4.013487527260617e-33,1.7669570565876045e-32
453,PIK3R1;CTNNB1,945.5,1.921314084712539e-23,3.9976288240617307e-23
454,PIK3R1;JAK1,4763.0,0.5569404667284874,0.5728530514921585
455,PIK3R1;LYN,1127.5,2.077148458582296e-21,4.017137701656639e-21
456,PIK3R1;AKT1,3409.0,9.158265244273675e-05,0.00011055174531683487
457,PIK3R1;PTPN11,9778.5,2.7094461806279654e-32,1.0233711475683333e-31
458,PIK3R1;CBLB,9996.0,7.820148156077017e-35,2.1750662503861302e-33
459,PIK3R1;PIK3CB,6698.0,3.086927151858044e-05,3.7871566335894214e-05
460,PIK3R1;AKT3,696.5,3.281101689374858e-26,7.713937032979258e-26
461,PIK3R1;MYC,1974.0,1.3216257476853696e-13,2.0085921653476856e-13
462,KDM5A;CREBBP,7371.5,3.8598254952494e-09,5.28299283627007e-09
463,KDM5A;NUP98,10000.0,7.402597989778951e-35,2.1750662503861302e-33
464,KDM5A;SUZ12,4254.5,0.06614797039032501,0.07209315221348572
465,KDM5A;EZH2,8848.5,2.3152377541887546e-21,4.4700903231711375e-21
466,KDM5A;KDM6A,5289.5,0.46971060513551566,0.4866066700684479
467,KDM5A;NSD1,9203.5,9.124581160175285e-26,2.112160247124299e-25
468,KDM5A;KMT2A,7806.0,4.296451079451448e-12,6.337402872635171e-12
469,KDM5A;MYC,5929.0,0.023054883160845665,0.025677626878466846
470,KDM5A;SETD1B,9899.0,3.534566115200292e-33,1.580266558102485e-32
471,KDM5A;SETD2,1313.0,7.756662072650969e-20,1.415365582000092e-19
472,MALT1;MAPK1,9999.0,1.799406678740802e-34,2.1750662503861302e-33
473,MALT1;NFKBIE,4705.0,0.4715027521101588,0.4883169047925408
474,MALT1;CASP8,4252.5,0.06357003640915976,0.06934913062817429
475,MALT1;CYLD,3293.5,1.1840948863176723e-05,1.4651743383866363e-05
476,MALT1;IKBKB,2187.5,5.842258053396426e-12,8.584542445806993e-12
477,MALT1;TNFAIP3,217.5,4.3583756807319473e-32,1.5805400160136e-31
478,MALT1;BCL10,6177.0,0.003873897926887022,0.004411265645904958
479,EED;KMT2C,2992.0,8.494297065744494e-07,1.0900961997479752e-06
480,EED;EP300,9907.5,3.5307379651962815e-33,1.580266558102485e-32
481,EED;DNMT3A,881.0,5.723677298007325e-24,1.2233165579414544e-23
482,EED;NCOR1,9465.5,8.224717567558667e-28,2.1024130113522745e-27
483,EED;TP53,10000.0,2.3488805727439983e-34,2.1750662503861302e-33
484,EED;SETDB1,1729.0,6.841322048794642e-16,1.1012393572722068e-15
485,EED;SUZ12,9639.5,3.213339046024163e-30,9.775792027341115e-30
486,EED;EZH2,5083.5,0.8385889696308754,0.8501506245363172
487,EED;CTCF,9567.5,4.024696159269911e-29,1.1145312441055139e-28
488,EED;KDM6A,7953.0,4.824109638487827e-13,7.239306517852337e-13
489,EED;ASXL2,3731.5,0.0018541351212086627,0.002140244147928236
490,EED;ASXL1,9645.5,6.209146440823211e-30,1.840378224655662e-29
491,EED;BAP1,2856.5,1.5617057651692203e-07,2.0482941648671062e-07
492,FOXO3;MAPK1,3568.0,0.0003486213823934812,0.00041289770306781053
493,FOXO3;TSC2,9963.5,2.5066528122550125e-34,2.1777357662044424e-33
494,FOXO3;CCND1,1767.5,8.49432360403255e-16,1.3647783531165267e-15
495,FOXO3;CDKN1B,762.0,1.8169648426354953e-26,4.3098356184957254e-26
496,FOXO3;CDK4,10000.0,1.9981640927117457e-34,2.1750662503861302e-33
497,FOXO3;MDM2,4131.0,0.030922061787458738,0.034263111746539725
498,FOXO3;SMAD2,9177.0,8.516345773780747e-25,1.8952022533281558e-24
499,FOXO3;CREBBP,8561.0,6.337766250405648e-19,1.1158084646664247e-18
500,FOXO3;EP300,9568.0,2.484044570404832e-29,6.97955937830821e-29
501,FOXO3;BRD4,9509.0,9.124549578212355e-29,2.457867758558215e-28
502,FOXO3;YWHAE,6634.5,5.9335882324584434e-05,7.215510531800275e-05
503,FOXO3;STAT3,9463.5,2.6433535957202073e-28,6.9418161297941005e-28
504,FOXO3;TP53,9602.0,1.685974824278086e-29,4.7877806020583935e-29
505,FOXO3;ATM,8157.5,5.597528484934789e-15,8.813238471040836e-15
506,FOXO3;STAT6,10000.0,1.1810015588320534e-34,2.1750662503861302e-33
507,FOXO3;RUNX1,9566.0,2.540863612199966e-29,7.12183669404954e-29
508,FOXO3;PRKACA,6344.0,0.000871844959841777,0.0010189706395715866
509,FOXO3;SMAD3,6750.0,6.872801681363688e-06,8.57178008328867e-06
510,FOXO3;IKBKB,6301.5,0.000752757882557648,0.0008818749973285531
511,FOXO3;BRCA1,7626.5,9.858127434199808e-11,1.4060952708458329e-10
512,FOXO3;CHEK2,8819.5,8.469232207430786e-21,1.602939020201577e-20
513,FOXO3;MYC,5620.5,0.12603377109846414,0.13573471888946467
514,FOXO3;FOXO4,6691.5,1.0710141987378876e-05,1.3266756526301577e-05
515,FOXO3;CREB1,7038.0,2.8810683315581706e-07,3.7418159165219984e-07
516,FOXO3;HIF1A,9755.0,5.271072917592679e-32,1.8956116548595524e-31
517,FOXO3;AKT3,8658.5,1.7353041212866753e-19,3.1235474183160153e-19
518,FOXO3;PIK3CB,9943.5,6.731900398904449e-34,4.0251639755387154e-33
519,FOXO3;PIM1,4887.0,0.7820713225019704,0.7954203915735167
520,FOXO3;JUN,5065.0,0.8740862763135463,0.8845253151730643
521,FOXO3;SMAD4,9816.0,1.6038283368519364e-32,6.270170511493543e-32
522,FOXO3;AKT1,6323.0,0.0009994567094720813,0.0011649653922210835
523,FOXO3;MTOR,9970.0,1.681328164491749e-34,2.1750662503861302e-33
524,FOXO3;MAX,9991.0,2.2156760167022747e-34,2.1750662503861302e-33
525,FOXO3;AKT2,9948.0,4.243871558363577e-34,2.853466946635121e-33
526,FOXO3;BCL6,241.0,1.1165481795622363e-31,3.8742876592039045e-31
527,FOXO3;SGK1,9560.0,2.5742471854935576e-29,7.203723298028936e-29
528,FOXO3;PTEN,9923.5,9.484874246296532e-34,5.2700523143409666e-33
529,FOXO3;CTNNB1,9479.0,2.721924341885334e-28,7.13189577373443e-28
530,ARHGEF12;KRAS,9268.5,1.6790897261084211e-25,3.827792937619198e-25
531,ARHGEF12;GNAQ,9984.0,3.296887998189212e-34,2.398746299314088e-33
532,ARHGEF12;RHOA,589.0,4.2131430690695114e-27,1.0363432346408705e-26
533,DGCR8;DDX5,9694.0,1.0110236363947708e-30,3.190956792128153e-30
534,DGCR8;FUS,8384.0,4.4989701273412896e-17,7.478807484411494e-17
535,DGCR8;TP53,1707.5,6.567219900383643e-16,1.0581031224114624e-15
536,DGCR8;DROSHA,10000.0,7.051224164653457e-35,2.1750662503861302e-33
537,DGCR8;DICER1,9880.0,4.025662753838872e-33,1.7700624016879316e-32
538,DGCR8;HNRNPA2B1,3379.0,6.245118566535042e-05,7.583671737858435e-05
539,LARP4B;PABPC1,10000.0,1.7805930963236472e-34,2.1750662503861302e-33
540,CBLB;CBL,9392.5,4.180148799700277e-28,1.078909204762073e-27
541,CBLB;PIK3CB,9980.0,1.6254410653560839e-34,2.1750662503861302e-33
542,NOTCH1;CCND1,6899.0,2.9451060699450684e-06,3.717416573312694e-06
543,NOTCH1;KRAS,9443.0,1.7035610402316488e-27,4.281823240029512e-27
544,NOTCH1;NOTCH2,5087.5,0.8240267115098686,0.8356327215311343
545,NOTCH1;MDM2,9221.0,4.5897932523412025e-25,1.0320315862128299e-24
546,NOTCH1;SMAD2,8552.0,1.4501558126462177e-18,2.522263959992616e-18
547,NOTCH1;CREBBP,935.0,1.655028665249216e-24,3.6270000425499625e-24
548,NOTCH1;EP300,9912.0,7.64161651295678e-34,4.453528949203817e-33
549,NOTCH1;BRD4,9569.0,2.07995835202003e-29,5.858464600310696e-29
550,NOTCH1;EPAS1,5816.0,0.040779772764691025,0.04499836994724527
551,NOTCH1;CBL,949.5,1.845429979929213e-23,3.8443676977910554e-23
552,NOTCH1;STAT3,7987.0,1.9542226088667843e-13,2.9608914231668595e-13
553,NOTCH1;LEF1,6847.0,6.047348657635241e-06,7.555906348802384e-06
554,NOTCH1;NCOR1,9327.0,1.2531786795242217e-26,2.9972218106821525e-26
555,NOTCH1;TP53,2317.0,3.8123880062388945e-11,5.487552248880308e-11
556,NOTCH1;ERBB2,9823.0,2.0555092758428715e-32,7.910735030415327e-32
557,NOTCH1;ATM,9405.5,2.6856727885327395e-27,6.682278730863317e-27
558,NOTCH1;RUNX1,5674.5,0.092600582346658,0.10019649736695367
559,NOTCH1;KMT2D,9977.5,9.934356784884167e-35,2.1750662503861302e-33
560,NOTCH1;EZH2,1459.5,1.5021675708772355e-18,2.6087895100259927e-18
561,NOTCH1;SMAD3,3856.5,0.00288313728825008,0.0032939247828734797
562,NOTCH1;SMAD4,9822.5,7.64289904497965e-33,3.170931464519768e-32
563,NOTCH1;SMARCA4,9826.5,2.852657364844757e-32,1.0739415961768497e-31
564,NOTCH1;RBM15,7423.5,2.1327916365024615e-09,2.9424861859291448e-09
565,NOTCH1;JUN,480.5,1.1909241898330808e-28,3.190568992296998e-28
566,NOTCH1;PTEN,9688.0,1.126260885182095e-30,3.5514211853917155e-30
567,NOTCH1;ABL1,2692.5,1.0451331507278526e-08,1.4125851266779266e-08
568,NOTCH1;SRC,9111.5,6.950654980321866e-24,1.4773347854853856e-23
569,NOTCH1;FANCA,9112.0,4.3738422550309165e-24,9.406346504907809e-24
570,NOTCH1;NFE2L2,9065.0,2.3326155896588928e-23,4.8243683290611217e-23
571,NOTCH1;NCOR2,3161.5,3.0522408950742585e-06,3.847025723332107e-06
572,NOTCH1;FGFR1,5704.0,0.08061695883388356,0.087448904497772
573,NOTCH1;TBL1XR1,4400.5,0.1400158583994334,0.150371288573164
574,NOTCH1;BRCA1,2602.0,3.0234380778827247e-09,4.15467276229133e-09
575,NOTCH1;BRAF,9316.5,1.757405078906912e-26,4.174290001857243e-26
576,NOTCH1;HIF1A,3122.5,2.5162418521571538e-06,3.1795728852121113e-06
577,NOTCH1;AKT1,623.5,6.880639185683893e-27,1.6734334289742108e-26
578,NOTCH1;FBXW7,8767.5,1.4867862233833833e-20,2.788026689100908e-20
579,NOTCH1;MYC,4084.5,0.024699805693431744,0.027483106399388314
580,NOTCH1;CTNNB1,7938.5,3.120040443417792e-13,4.698413844205616e-13
581,NOTCH1;B2M,9053.0,3.664739216547671e-23,7.498720386257401e-23
582,COL3A1;COL1A1,367.5,1.8517614222236664e-31,6.255803983582592e-31
583,COL3A1;ITGAV,9510.5,1.8450940951244028e-28,4.89757695295694e-28
584,COL3A1;SMAD2,10000.0,1.9970313896220337e-34,2.1750662503861302e-33
585,COL3A1;TGFBR2,6430.5,0.00037591672796579134,0.00044476830258465417
586,COL3A1;SMAD3,10000.0,1.5462029878139398e-34,2.1750662503861302e-33
587,TSC1;MAPK1,9999.5,1.2106253819102384e-34,2.1750662503861302e-33
588,TSC1;TSC2,4820.0,0.6339313705119738,0.6495306304445246
589,TSC1;MTOR,6675.0,1.643325367693228e-05,2.024717458377111e-05
590,TSC1;AKT1,98.5,4.135313534410937e-33,1.8067817414569151e-32
591,TSC1;AKT2,968.0,2.7751383965044406e-24,6.028207604223348e-24
592,TSC1;PTEN,7329.0,1.0991725054963574e-08,1.4838828824200826e-08
593,TSC1;KDM6A,8780.0,1.394338026361495e-20,2.617507995168564e-20
594,TSC1;NF2,4727.5,0.4986160196647631,0.5148541870216377
595,TSC1;EZR,2090.5,9.130048169745568e-13,1.3612358272062417e-12
596,TSC1;IKBKB,8747.5,9.904705545582079e-21,1.8715507034188988e-20
597,TSC1;MYC,4695.0,0.4556636768211856,0.4730470613079055
598,TSC1;MSN,3740.5,0.0020790709961662703,0.002395888417055895
599,TSC1;HSP90AB1,479.0,1.8024485076363603e-28,4.788056911907196e-28
600,TSC1;AKT3,9871.0,2.9852337415906746e-33,1.3539327835875816e-32
601,EXT1;EXT2,7574.5,2.5252791943830827e-10,3.5738594986846577e-10
602,SUZ12;DDX5,9999.0,2.0803044226829875e-34,2.1750662503861302e-33
603,SUZ12;RARA,1367.0,3.557452775991287e-19,6.3243604906511775e-19
604,SUZ12;MDM2,139.5,1.3191591757929062e-32,5.246276307871443e-32
605,SUZ12;KMT2C,3796.5,0.002765888916332747,0.003167300230233921
606,SUZ12;CREBBP,5902.0,0.02654293252660184,0.029476984194066826
607,SUZ12;EP300,7169.5,9.096709354795867e-08,1.2036074858412908e-07
608,SUZ12;BRD4,9508.0,8.114356120662931e-29,2.1908761525789915e-28
609,SUZ12;DNMT3A,9998.5,1.1024562061077437e-34,2.1750662503861302e-33
610,SUZ12;DAXX,7135.0,1.5185130882884096e-07,1.9931565640428195e-07
611,SUZ12;PML,4085.5,0.023978630954089485,0.026689258801073514
612,SUZ12;NCOR1,3693.0,0.0012371269647582918,0.0014371464841024053
613,SUZ12;TP53,9836.0,2.4834753321643966e-32,9.411064416622976e-32
614,SUZ12;SETDB1,9423.5,6.305960815826903e-28,1.620327180631805e-27
615,SUZ12;RAD21,10000.0,1.38498707913769e-34,2.1750662503861302e-33
616,SUZ12;KMT2D,5658.5,0.10200413738676195,0.11023336423034688
617,SUZ12;MYC,9957.5,7.475684135700201e-34,4.386411608315772e-33
618,SUZ12;SMARCA4,10000.0,1.4103473264067406e-34,2.1750662503861302e-33
619,SUZ12;ATRX,6291.0,0.001426879322354595,0.0016531327314976468
620,SUZ12;EZH2,3463.5,0.00014818451910332948,0.00017763638502292983
621,SUZ12;JUN,185.5,5.863189270577453e-32,2.097637900529573e-31
622,SUZ12;POLR2A,5001.0,0.998982730883108,0.998982730883108
623,SUZ12;BAP1,553.5,1.5073848216506871e-27,3.797027655703188e-27
624,SUZ12;SETD2,2250.5,9.674085355507693e-12,1.4148810405685396e-11
625,SUZ12;KDM6A,4678.5,0.4195732684440254,0.43662909236451425
626,SUZ12;CTCF,10000.0,2.9131450129222914e-36,2.1750662503861302e-33
627,SUZ12;ASXL2,8747.0,2.775849027839474e-20,5.149401095122503e-20
628,SUZ12;ASXL1,8810.0,5.127012130771337e-21,9.778672143457914e-21
629,LPP;LASP1,6368.5,0.0008110306541079387,0.0009488564456997415
630,LPP;COX6C,840.0,2.8343576517188967e-24,6.149114905424047e-24
631,NSD3;BRD4,8599.5,9.033149764074135e-19,1.5848162229710577e-18
632,NSD3;BRD3,3137.5,4.726492822882982e-06,5.924831046747764e-06
633,NSD3;MYC,3559.5,0.0004257432656469061,0.000502516641419299
634,NSD3;SETD2,702.5,4.482480660743674e-26,1.0474275296504488e-25
635,NSD3;RAP1GDS1,9921.5,1.995353882889177e-33,9.629162158027827e-33
636,NSD3;DDX10,9999.0,1.1664762803944788e-34,2.1750662503861302e-33
637,NSD3;NUP98,9341.5,1.0112872241835525e-26,2.4372445235553397e-26
638,BRD4;MSH6,8863.5,1.0188388253356963e-21,1.99157634635756e-21
639,BRD4;MLLT1,121.0,8.758319074063419e-33,3.5736423518256404e-32
640,BRD4;VHL,9559.0,5.016462050498685e-29,1.3803639944524448e-28
641,BRD4;KAT7,9770.0,1.3381844352586562e-31,4.610932610422649e-31
642,BRD4;CREBBP,6713.5,1.7807733355471467e-05,2.191721028365719e-05
643,BRD4;EP300,9991.0,6.097515947403524e-35,2.1750662503861302e-33
644,BRD4;CHD2,9986.5,9.407629294340563e-35,2.1750662503861302e-33
645,BRD4;BRD3,0.0,7.429789946456903e-35,2.1750662503861302e-33
646,BRD4;KMT2A,188.5,3.2594187940394196e-32,1.2138525164008873e-31
647,BRD4;DNMT3A,9908.5,9.284449280403036e-34,5.1753317279149826e-33
648,BRD4;PBRM1,7739.0,4.864643955509245e-12,7.166329714509782e-12
649,BRD4;ASXL1,8572.0,4.0804753343443444e-19,7.2392827286930455e-19
650,BRD4;CTCF,940.0,4.706632179841275e-24,1.0103180629522638e-23
651,BRD4;TOP1,262.0,3.496151295304519e-31,1.1441949693723879e-30
652,BRD4;SPOP,9952.0,5.761119760702773e-34,3.600439401987122e-33
653,BRD4;SMARCB1,1483.0,2.6175090483570552e-18,4.52079523794202e-18
654,BRD4;KDM6A,9338.0,9.002388995648898e-27,2.1756822635638177e-26
655,BRD4;DEK,4511.5,0.22852467048530267,0.24196729816090873
656,BRD4;POLR2A,21.0,2.662291566082672e-34,2.2117499164379123e-33
657,BRD4;HSP90AA1,578.0,2.3074213336317966e-27,5.770222958778212e-27
658,BRD4;CREB1,9978.5,1.8874515437551704e-34,2.1750662503861302e-33
659,BRD4;SMAD3,9079.0,8.542968690249291e-24,1.8046760264976497e-23
660,BRD4;TRRAP,4208.5,0.051403401436686896,0.0565404695624411
661,BRD4;CDK12,10000.0,9.175324741658458e-35,2.1750662503861302e-33
662,BRD4;MED12,10000.0,9.83459636949792e-35,2.1750662503861302e-33
663,BRD4;STAT3,5875.5,0.030069945945816867,0.03334030580325412
664,BRD4;TP53,2544.5,1.185919303278047e-09,1.6459988402124217e-09
665,BRD4;EZH2,9518.5,7.998606280945353e-29,2.163003388650011e-28
666,BRD4;AFF1,61.5,1.2715880929059498e-33,6.688901748984722e-33
667,BRD4;SMARCA4,8670.5,1.6707994016963504e-20,3.127997146404435e-20
668,BRD4;ATRX,1013.5,5.459583566842849e-23,1.1132757913586497e-22
669,BRD4;ARID1A,3675.5,0.0007990586791743711,0.0009351665408827046
670,BRD4;SMARCD1,8423.5,4.180294740810005e-17,6.95910338354498e-17
671,BRD4;DAXX,232.5,1.8828751452971465e-31,6.35470361537787e-31
672,BRD4;CUL3,4239.0,0.060010108144215625,0.06563130814759785
673,BRD4;RAD21,9660.5,2.0337809096264195e-30,6.2925217758897984e-30
674,BRD4;NUMA1,8417.5,3.432200583882478e-17,5.73028271396031e-17
675,BRD4;MYC,523.5,6.098825677309417e-28,1.5682694598795643e-27
676,CTCF;STAG2,1947.5,1.1965018688010293e-14,1.8693989414902158e-14
677,CTCF;DDX5,9987.5,2.8590935139869322e-34,2.2581884895286096e-33
678,CTCF;RARA,1238.5,1.396988720152039e-20,2.6210602697315127e-20
679,CTCF;FUS,8266.0,1.1401263885237154e-15,1.8250471508744607e-15
680,CTCF;KMT2C,7140.5,1.1887778686888978e-07,1.56511097683384e-07
681,CTCF;CREBBP,3430.5,0.00010746440984829045,0.00012940662036086824
682,CTCF;EP300,8332.0,1.0098493428818653e-16,1.6650950997136098e-16
683,CTCF;DNMT3A,5792.5,0.043795908315007924,0.04826487855123322
684,CTCF;NCOR1,8408.0,2.144415252309667e-17,3.5871728518790946e-17
685,CTCF;TP53,9067.0,2.2052986034721526e-23,4.571992785602735e-23
686,CTCF;SETDB1,1469.5,5.332019184488704e-19,9.411367876196608e-19
687,CTCF;NONO,9992.0,1.0962413815877883e-34,2.1750662503861302e-33
688,CTCF;NPM1,2472.0,5.172139398310069e-10,7.254429285941396e-10
689,CTCF;RAD21,8870.0,1.9562280881269876e-21,3.789643650541967e-21
690,CTCF;KMT2D,5514.5,0.20131713686619335,0.21368305436411678
691,CTCF;EZH2,7617.0,8.8141726795573e-11,1.258751271923555e-10
692,CTCF;ARID1A,461.0,1.6247269973685938e-29,4.617645150416003e-29
693,CTCF;SMAD3,226.0,5.265820002555874e-32,1.8956116548595524e-31
694,CTCF;SMAD4,9766.0,1.496030610292165e-31,5.134341399374104e-31
695,CTCF;SMARCA4,6928.0,1.1889559372845865e-06,1.5184891793257688e-06
696,CTCF;NF1,10000.0,1.6845674235498668e-34,2.1750662503861302e-33
697,CTCF;TOP1,2902.5,1.2195500773211928e-07,1.6050133538545477e-07
698,CTCF;ATRX,4227.5,0.05614646112348162,0.061561602044020454
699,CTCF;KDM6A,7279.5,1.5718818491142183e-08,2.1137835293925052e-08
700,CTCF;STAG1,6819.5,8.006019892996737e-06,9.959972912237841e-06
701,CTCF;POLR2A,646.0,5.4187998070470515e-27,1.325362500577113e-26
702,CTCF;MYC,8899.0,9.169332149993815e-22,1.7954227711262677e-21
703,RPN1;CALR,1547.5,2.5936205845331043e-17,4.332311619210444e-17
704,RPN1;RPL5,9839.0,2.944774522602066e-32,1.1074146626890902e-31
705,RPN1;SND1,331.0,3.6148904709335696e-30,1.0921699362686537e-29
706,AFDN;MLLT1,46.5,9.875867808113705e-34,5.4437466634488055e-33
707,AFDN;KRAS,9867.5,1.2171973727470748e-32,4.8687894909882993e-32
708,AFDN;ITGAV,7196.5,7.09250210536261e-08,9.41670659859131e-08
709,AFDN;ELL,6463.0,0.00033828327626304563,0.00040092832742286887
710,AFDN;BAX,3337.5,4.845958885841857e-05,5.907454641788168e-05
711,AFDN;BCR,9874.5,7.810201765943563e-33,3.228714988409205e-32
712,AFDN;CTNNA1,9985.5,2.642864462329299e-34,2.2062172902922843e-33
713,AFDN;MLLT10,189.0,6.063315360197156e-32,2.164753913723282e-31
714,AFDN;MEN1,5187.5,0.6468171117120076,0.6621350362417129
715,AFDN;RALGDS,9868.0,8.769101416248355e-33,3.5738224639804616e-32
716,AFDN;SRC,9405.0,4.834385127859232e-27,1.1840988661857907e-26
717,AFDN;MLLT6,1588.0,5.540215293882719e-17,9.196438067079095e-17
718,AFDN;AFF1,0.0,2.0184311742298887e-34,2.1750662503861302e-33
719,AFDN;PTPRC,9107.5,7.713102684932717e-24,1.6333629215151636e-23
720,AFDN;CTNNB1,2611.5,4.522506521633693e-09,6.1753388142102105e-09
721,AFDN;KMT2A,8.5,2.2957904529851666e-34,2.1750662503861302e-33
722,AFDN;CTNND1,10000.0,1.5899587701209026e-34,2.1750662503861302e-33
723,RUNX1;STAG2,0.5,1.6639796850752028e-34,2.1750662503861302e-33
724,RUNX1;CCND1,3451.0,0.00014812708234062107,0.00017762914523566494
725,RUNX1;RARA,0.0,2.052693967785982e-34,2.1750662503861302e-33
726,RUNX1;KRAS,1028.0,2.4901295841124355e-22,4.968757414949525e-22
727,RUNX1;SMAD2,9726.0,4.945140982612155e-31,1.6032276956761357e-30
728,RUNX1;KMT2C,564.5,9.248007846781018e-28,2.3552774589885923e-27
729,RUNX1;CREBBP,7641.0,6.887289582439627e-11,9.864552105037011e-11
730,RUNX1;EP300,7278.0,1.1786928818382683e-08,1.590614056865699e-08
731,RUNX1;STAT3,3220.0,1.2568806294001738e-05,1.5541250286966014e-05
732,RUNX1;DNMT3A,6650.5,4.9697967217721614e-05,6.052014612559757e-05
733,RUNX1;LEF1,8368.0,1.502518961779718e-16,2.4645019135788827e-16
734,RUNX1;KAT6A,9583.0,1.6115099517072224e-29,4.5838505293005435e-29
735,RUNX1;PML,5107.0,0.7899088138364104,0.8029190766525396
736,RUNX1;NCOR1,4351.0,0.10478158524386548,0.11316411206337472
737,RUNX1;TP53,0.0,1.886969887254397e-34,2.1750662503861302e-33
738,RUNX1;STAT5B,4593.0,0.31677010287887375,0.3328542035723283
739,RUNX1;NPM1,5013.5,0.9745946493140423,0.9763163870929378
740,RUNX1;TCF12,8389.5,7.550453189999784e-17,1.2491319399061395e-16
741,RUNX1;NCOR2,13.0,1.024695154556006e-34,2.1750662503861302e-33
742,RUNX1;SMARCB1,4533.0,0.24499486389766167,0.25885119218291613
743,RUNX1;PTPN11,9741.5,1.523044762755305e-31,5.221867758018188e-31
744,RUNX1;IDH2,1123.5,1.5158811284932615e-21,2.946504600715811e-21
745,RUNX1;RPL22,5344.5,0.40055641115976504,0.4175936521774202
746,RUNX1;KMT2D,8425.0,2.4788280867793914e-17,4.144571779346675e-17
747,RUNX1;ASXL1,2.0,1.902280993357074e-34,2.1750662503861302e-33
748,RUNX1;ABL1,876.5,5.823034764223307e-24,1.2422474163676388e-23
749,RUNX1;PTPRC,4795.5,0.6169611162904773,0.6330812404690883
750,RUNX1;KMT2A,9347.0,1.4785584776748364e-26,3.519213566697131e-26
751,RUNX1;ETV6,263.5,3.435758286969967e-31,1.1254957952386924e-30
752,RUNX1;NFATC2,5284.0,0.47562455824806116,0.4919959513035915
753,RUNX1;ARID1B,9985.5,2.296340924505301e-34,2.1750662503861302e-33
754,RUNX1;MYC,62.0,1.4831924140398189e-33,7.504997046737356e-33
755,RUNX1;SH2B3,4236.0,0.059743356946249486,0.06540166031239729
756,RUNX1;ARID1A,9716.0,5.265492641853327e-31,1.7007049131070188e-30
757,RUNX1;CCND3,5267.0,0.51391250322324,0.5298572825595219
758,RUNX1;AFF1,9394.5,4.7341475958008674e-27,1.16036979369417e-26
759,RUNX1;ZRSR2,0.0,1.2923534068825182e-34,2.1750662503861302e-33
760,RUNX1;SMARCA4,8542.0,2.004516601012735e-18,3.4724859013032645e-18
761,RUNX1;SRC,8410.5,7.545005651916303e-17,1.2488285216964916e-16
762,RUNX1;EZH2,3.0,1.5534623661237535e-34,2.1750662503861302e-33
763,RUNX1;JUN,1668.5,2.70090412147224e-16,4.396761490253444e-16
764,RUNX1;SMARCE1,6.0,2.547761969943367e-34,2.1794716257733357e-33
765,RUNX1;FBXW7,1364.0,1.9542835942375907e-19,3.506751870033808e-19
766,RUNX1;SRSF2,0.0,2.4667827469020118e-34,2.1750662503861302e-33
767,RUNX1;CREB1,9392.5,2.7948022554172086e-27,6.943807760403934e-27
768,RUNX1;SMAD3,8165.0,4.614909677687524e-15,7.279382859921534e-15
769,RUNX1;DEK,4206.5,0.05227349840419644,0.057479227007605126
770,RUNX1;HIF1A,8201.5,3.641972147377481e-15,5.755215245238488e-15
771,RUNX1;CBFB,5575.0,0.15132607333672493,0.16206473797698215
772,NFE2L2;CCND1,6401.5,0.0005666134096228592,0.0006656070508690011
773,NFE2L2;CREBBP,9251.0,1.9829900032782906e-25,4.5086930600853765e-25
774,NFE2L2;EP300,8487.5,8.56253235036469e-18,1.447754980570468e-17
775,NFE2L2;CUL3,8602.0,4.688422147627344e-19,8.309326637025693e-19
776,NFE2L2;STAT3,7912.5,6.022543365379051e-13,8.998664016753134e-13
777,NFE2L2;TP53,8106.5,2.552342064182578e-14,3.94847545828782e-14
778,NFE2L2;HSP90AA1,3441.0,0.00012672101503095234,0.00015222378447930874
779,NFE2L2;MTOR,9956.5,5.395383970150541e-34,3.415100183304079e-33
780,NFE2L2;JUN,3543.0,0.00036313194125135116,0.00042978903731666763
781,NFE2L2;PTEN,7612.0,9.152772870395665e-11,1.3060273757261528e-10
782,NFE2L2;AKT1,9790.0,1.0098410403432377e-31,3.5252632681073027e-31
783,NFE2L2;DDIT3,7559.5,3.7448780175933074e-10,5.267520728043333e-10
784,NFE2L2;HIF1A,9892.0,2.1089194889250972e-33,1.0094772512084676e-32
785,NFE2L2;MYC,6664.0,4.591924287996596e-05,5.603704215860253e-05
786,NFE2L2;BRCA1,7373.0,5.6338469915632584e-09,7.680700277255473e-09
787,NACA;RPL22,4662.5,0.39902233758638417,0.41624545689663256
788,NACA;RPL5,181.5,2.068885956505421e-32,7.953359138690473e-32
789,NACA;RPL10,6409.5,0.000453833700237405,0.0005353069174131303
790,MSN;MYH9,63.5,1.3422297720202408e-33,6.975558033236019e-33
791,MSN;TFG,1137.5,2.7512414077853442e-21,5.29414827689652e-21
792,MSN;PLCG1,5232.5,0.5692482991411056,0.5852069869494975
793,MSN;STAT3,2021.0,3.174761655364348e-13,4.778735313997904e-13
794,MSN;NPM1,9713.0,1.0071788839929235e-30,3.181727809030662e-30
795,MSN;EZR,4594.0,0.31691293324003933,0.3329030690813301
796,MSN;TPM3,5037.5,0.927600818909824,0.9327286674868641
797,MSN;CTNNB1,9567.0,5.213287818744361e-29,1.4287964077383437e-28
798,MSN;RHOA,6492.5,0.0002556654151882787,0.0003042629734472077
799,MSN;PTEN,8976.0,2.517807509877574e-22,5.01819074633039e-22
800,MSN;SRC,9567.0,4.1068045494711425e-29,1.1354493218377814e-28
801,MSN;DCTN1,9864.5,1.3596815923655646e-32,5.395016743071632e-32
802,MSN;FLNA,6427.5,0.000457549255834474,0.0005393213602196256
803,MSN;TPM4,249.0,2.439078043022964e-31,8.128692108666696e-31
804,MSN;CLTC,635.5,1.1232296314674959e-26,2.69575111552199e-26
805,RPL5;CD74,9386.0,7.790900148659893e-27,1.88817327586035e-26
806,RPL5;EIF3E,9735.0,2.4839771612923923e-31,8.254447182140873e-31
807,RPL5;SBDS,3968.0,0.011587773646397003,0.013019293147577387
808,RPL5;MDM2,3319.5,3.9331410724672555e-05,4.8048552656227766e-05
809,RPL5;TP53,4748.5,0.5390543627566836,0.5551167692750592
810,RPL5;NPM1,9622.0,8.611123287663185e-30,2.5177700577126876e-29
811,RPL5;PABPC1,0.0,1.7319324417482e-34,2.1750662503861302e-33
812,RPL5;HSP90AA1,3176.0,8.101521771082323e-06,1.0075156257956282e-05
813,RPL5;RPL22,9706.5,6.418902972630586e-31,2.0540489512417876e-30
814,RPL5;CNOT3,9859.0,1.5063587681223308e-32,5.942894866016868e-32
815,RPL5;MDM4,5401.0,0.3273088006930419,0.34361458541772566
816,RPL5;EIF1AX,3399.5,8.71122399475806e-05,0.00010533936363150405
817,RPL5;GMPS,516.0,5.601111082830789e-28,1.4413581461104399e-27
818,RPL5;B2M,8252.5,1.8215954024805217e-15,2.891793160759156e-15
819,RPL5;KDM6A,6.0,2.932996869362598e-34,2.2727437624477888e-33
820,RPL5;RPL10,5935.5,0.020499232103311373,0.0228828637432313
821,MSH6;MLH1,4991.0,0.9827201889524547,0.9838589145479965
822,MSH6;MSH2,8439.0,1.4353872043507849e-18,2.497833926604387e-18
823,MSH6;PMS1,4658.0,0.3983938943506782,0.41571536801809894
824,MSH6;KRAS,9557.5,7.817756946248587e-29,2.115753171983956e-28
825,MSH6;ERCC2,9216.5,2.5629911211332684e-25,5.804519865423706e-25
826,MSH6;ATR,3713.0,0.0008520913268751007,0.0009965575721422497
827,MSH6;TGFBR2,7518.0,6.631547237520177e-10,9.286315742653863e-10
828,MSH6;PTEN,9998.5,1.232814580947053e-34,2.1750662503861302e-33
829,MSH6;NBN,10000.0,5.559212647083049e-35,2.1750662503861302e-33
830,MSH6;MAP2K1,4708.5,0.4726559411796565,0.4893645694178828
831,MSH6;ERCC5,39.0,4.539729076646106e-34,3.0113826658136167e-33
832,MSH6;BRAF,9723.0,2.5100713033629058e-31,8.325150119407104e-31
833,MSH6;B2M,5489.5,0.2315218262937413,0.24506567585640732
834,MSH6;ERCC3,5604.0,0.13279231936703162,0.1426578351670691
835,MSH6;FBXW7,8607.5,5.992999907536741e-19,1.0556476901349122e-18
836,MSH6;TP53,9993.5,1.8442176801787405e-34,2.1750662503861302e-33
837,MSH6;SMAD4,9782.5,7.46902769579739e-32,2.636665956759528e-31
838,MSH6;POLD1,1114.5,1.9826345477087437e-21,3.838647057076424e-21
839,MSH6;NF1,10000.0,8.344464242258003e-35,2.1750662503861302e-33
840,MSH6;PALB2,7105.5,1.5230091273713946e-07,1.9982989917219207e-07
841,MSH6;SETD2,1688.5,2.342155354016552e-16,3.819957009665504e-16
842,MSH6;PMS2,6011.0,0.011040707431171798,0.012408678010448695
843,MSH6;ATM,829.5,6.485297971886766e-25,1.4497535440388528e-24
844,MSH6;RAD21,9912.0,7.977374509877204e-34,4.59496771768927e-33
845,MSH6;CHEK2,9996.0,9.903569609810672e-35,2.1750662503861302e-33
846,MSH6;FANCA,5410.0,0.2947938084938655,0.3101392396209434
847,MSH6;BRCA1,7160.0,9.71747785244619e-08,1.2847591223433065e-07
848,MSH6;ARID1A,9739.0,1.6589004177219592e-31,5.654003790578985e-31
849,RPL22;CD74,4252.0,0.06736845609129949,0.07335393328655672
850,RPL22;RPL10,9446.0,3.6181386711362833e-28,9.394656083731776e-28
851,TGFBR2;COL1A1,4542.5,0.2528272428246654,0.2668002904433721
852,TGFBR2;MLH1,7836.5,2.279455143067209e-12,3.3766810863438813e-12
853,TGFBR2;KRAS,9954.5,7.743211970123341e-34,4.48396677054806e-33
854,TGFBR2;SMAD2,8556.5,2.3413637889316285e-18,4.047900577562635e-18
855,TGFBR2;EP300,2578.0,2.5127605486784045e-09,3.4598009785787116e-09
856,TGFBR2;CBL,6800.5,8.635638197179314e-06,1.073166688581507e-05
857,TGFBR2;PMS2,9583.5,3.151462791828715e-29,8.769287768566859e-29
858,TGFBR2;DAXX,17.0,3.8099665802634988e-34,2.6440250002792477e-33
859,TGFBR2;TP53,4296.5,0.0837228100778693,0.09078946709416891
860,TGFBR2;ATM,8633.5,4.983920291594503e-19,8.814958304887718e-19
861,TGFBR2;PPP2R1A,1906.0,3.6188172353408666e-14,5.570883013513601e-14
862,TGFBR2;SMAD3,9444.5,9.064553482229245e-28,2.3136703718304487e-27
863,TGFBR2;HSP90AA1,6227.0,0.0026515768790621604,0.003041437004327523
864,TGFBR2;SMAD4,8132.0,1.1538490758465862e-14,1.8060246404555265e-14
865,TGFBR2;SRC,269.0,5.897780699155329e-31,1.8996020592992374e-30
866,TGFBR2;HSP90AB1,1061.5,5.88945274161182e-22,1.1604303691568101e-21
867,TGFBR2;CTNNB1,3390.0,7.957877173819577e-05,9.635911819932644e-05
868,TGFBR2;RHOA,6.0,2.6040412501741527e-34,2.200383022152047e-33
869,TGFBR2;PTEN,1663.5,1.9417392124557355e-16,3.175887703855666e-16
870,AFF1;MLLT1,71.0,1.97985008669297e-33,9.569736922532732e-33
871,AFF1;ELL,9685.0,1.1695254650173118e-30,3.6844849654510756e-30
872,AFF1;SUB1,8751.5,4.586907687829011e-20,8.436590191132018e-20
873,AFF1;AFF4,753.5,1.8855017414838877e-25,4.28985781340903e-25
874,AFF1;BCR,7591.5,1.8836688090769106e-10,2.6691100468100875e-10
875,AFF1;MLLT10,706.5,8.364720928894964e-26,1.9401661429705367e-25
876,AFF1;CDC73,7460.0,1.5949132446205447e-09,2.204808069363441e-09
877,AFF1;ABL1,8.0,2.827565506835423e-34,2.2581884895286096e-33
878,AFF1;ETV6,6687.0,3.265837986903278e-05,4.003808472060209e-05
879,AFF1;KMT2A,59.5,1.334270739013912e-33,6.953636716401684e-33
880,AFF1;CDK12,8689.0,6.562742457141303e-20,1.2006796152398276e-19
881,AFF1;MLLT6,37.5,4.162149670257715e-34,2.8103306206055734e-33
882,SBDS;RPL10,5623.5,0.12753046254569203,0.13721833080881435
883,DCTN1;PLCG1,9953.5,6.142708684340806e-34,3.764042768276919e-33
884,DCTN1;FUS,9999.5,1.373337078946953e-34,2.1750662503861302e-33
885,DCTN1;RANBP2,9112.0,9.291597645391338e-25,2.065065045818165e-24
886,DCTN1;KIF5B,4705.5,0.45807057783800087,0.47540297808051984
887,DCTN1;PPFIBP1,10000.0,1.0923380754101342e-34,2.1750662503861302e-33
888,DCTN1;EML4,10000.0,1.1963759133897805e-34,2.1750662503861302e-33
889,DCTN1;HSP90AA1,3229.5,1.4333590651050866e-05,1.76854299500292e-05
890,DCTN1;NUMA1,9336.5,2.5631790021587624e-26,6.050783218210849e-26
891,DCTN1;TPM4,10000.0,1.5421477590078604e-34,2.1750662503861302e-33
892,DCTN1;CLTC,9988.5,1.9116587159632841e-34,2.1750662503861302e-33
893,DCTN1;CNTRL,3454.0,0.00015008587833630215,0.0001797909169948909
894,DCTN1;CLIP1,9462.0,7.040355886452573e-28,1.8036671566775458e-27
895,DCTN1;TPM3,7549.0,3.684839449275698e-10,5.185181244583393e-10
896,DCTN1;BIRC6,10000.0,1.2492594596759949e-34,2.1750662503861302e-33
897,DCTN1;NIN,1915.5,3.327348758968571e-14,5.1267576063287477e-14
898,MEN1;MYH9,9.0,2.358014497675147e-34,2.1750662503861302e-33
899,MEN1;CDKN1B,9531.5,1.5671456586266331e-28,4.172615867653038e-28
900,MEN1;MLLT1,9962.5,7.102922347362288e-34,4.219450096201373e-33
901,MEN1;PALB2,436.0,5.866243862499993e-29,1.6026670979288516e-28
902,MEN1;SMAD2,268.0,4.849474779779472e-31,1.573688717269282e-30
903,MEN1;KMT2C,1427.0,1.330144638583504e-18,2.3205350181446694e-18
904,MEN1;DAXX,9682.0,1.919457101367055e-30,5.960147117991502e-30
905,MEN1;TP53,533.0,5.172416928845755e-28,1.3320322582780126e-27
906,MEN1;ATM,6265.0,0.001830567192738854,0.002113745478819071
907,MEN1;KMT2D,7217.0,4.022925795194056e-08,5.365971265222176e-08
908,MEN1;EZH2,8852.0,2.755516034603913e-21,5.2994231583701295e-21
909,MEN1;SMAD3,1761.5,1.732476291297023e-15,2.7528450863092005e-15
910,MEN1;ATRX,4144.5,0.03424571498070606,0.03790941414904553
911,MEN1;SETD1B,6243.5,0.0022812168355068555,0.002622716361780337
912,MEN1;TCF7L2,8681.5,2.1052552228985147e-19,3.7698248965478065e-19
913,MEN1;MYC,9316.0,3.830917511329686e-26,8.969953197259754e-26
914,MEN1;NF1,3601.5,0.0005867370387335111,0.0006887782628610783
915,MEN1;SDHB,16.0,3.452019340418948e-34,2.4731797652399065e-33
916,MEN1;SMAD4,1.5,1.5031308929348871e-34,2.1750662503861302e-33
917,MEN1;CDC73,7345.5,8.494637785238354e-09,1.1499204146409617e-08
918,MEN1;AKT1,4677.5,0.42774034318055987,0.4448602545988609
919,MEN1;MAX,1043.5,2.9901601806407045e-22,5.939076772582917e-22
920,MEN1;KDM6A,1662.5,2.273659583297482e-16,3.713500718277929e-16
921,MEN1;KMT2A,8731.0,6.015442404028737e-20,1.1028842943407594e-19
922,MEN1;PRKAR1A,98.0,3.853638388212062e-33,1.7060065010227843e-32
923,MEN1;CTNNB1,6823.0,7.275831022709419e-06,9.071165950390963e-06
924,MEN1;SDHD,9.0,3.017870069325018e-34,2.2973037355919082e-33
925,CDC73;BCL9,10000.0,1.1572678161936314e-34,2.1750662503861302e-33
926,CDC73;MLLT1,9920.0,2.6768260399274907e-33,1.2351282769011227e-32
927,CDC73;ELL,9059.0,2.747936137544476e-23,5.652897197234351e-23
928,CDC73;AFF4,5741.5,0.06950070302894087,0.07555659945518077
929,CDC73;PTPN11,8021.0,9.621402983295797e-14,1.4693578749567068e-13
930,CDC73;CTNNB1,9505.0,2.378626962469759e-28,6.28481252469074e-28
931,CDC73;MYC,9640.5,8.031448926370686e-30,2.3602625416273036e-29
932,CDC73;TCF7L2,9954.5,5.985744839184806e-34,3.704336169866989e-33
933,CDC73;TCEA1,7152.5,1.3246929582718268e-07,1.740737210565564e-07
934,CDC73;CDK12,9990.0,1.5953186545157315e-34,2.1750662503861302e-33
935,CDC73;SETD2,8207.5,2.8621947265809968e-15,4.533338668681909e-15
936,CDC73;POLR2A,3750.0,0.002209364271779691,0.002540952719890387
937,YWHAE;TSC2,2093.0,9.535964473593435e-13,1.4205298802042635e-12
938,YWHAE;MAP2K2,918.0,1.579889490735455e-23,3.2971606763174713e-23
939,YWHAE;TP53,9141.5,2.7503213568336003e-24,5.978056986928882e-24
940,YWHAE;HSP90AB1,1387.5,4.913302803482741e-19,8.69450818680817e-19
941,YWHAE;USP8,1040.0,3.093309221592817e-22,6.14042313028419e-22
942,YWHAE;HSP90AA1,5560.5,0.16494648596930928,0.17626934307666448
943,YWHAE;MAP3K1,47.0,6.106060714190297e-34,3.7549013929255634e-33
944,YWHAE;MDM4,111.0,5.87175732262675e-33,2.495526747372275e-32
945,YWHAE;RAF1,244.5,2.4462490856307827e-31,8.144736840019253e-31
946,YWHAE;ABL1,9954.5,8.008907917676904e-34,4.605455201912043e-33
947,YWHAE;NPM1,2.0,1.4665899926481643e-34,2.1750662503861302e-33
948,YWHAE;CTNNA1,6588.0,9.107340856238881e-05,0.00010997543675458271
949,YWHAE;WWTR1,9960.5,5.991678006237403e-34,3.704336169866989e-33
950,YWHAE;BRAF,312.5,1.6057090567578668e-30,5.02201855217664e-30
951,YWHAE;MAP2K1,9784.5,1.0803513447209738e-31,3.760014347790217e-31
952,YWHAE;ARAF,9999.0,1.4031882609857846e-34,2.1750662503861302e-33
953,PIM1;MDM2,7470.0,1.5409727967922498e-09,2.1319463513666996e-09
954,PIM1;STAT3,9972.0,4.555925960639281e-34,3.016337187733593e-33
955,PIM1;STAT5B,7094.5,2.884461004673135e-07,3.744814888110576e-07
956,PIM1;MYC,109.5,6.1129110989738165e-33,2.5858287341558765e-32
957,PIM1;DDX6,8738.5,6.346399075883436e-20,1.1617137291447647e-19
958,PIM1;BCL6,8997.0,1.1490024009299805e-22,2.3167749694364136e-22
959,ERCC2;MLH1,3607.5,0.0005933413558243855,0.0006962946437110615
960,ERCC2;MSH2,8923.0,2.97050915625797e-22,5.903438553207329e-22
961,ERCC2;PMS2,5553.0,0.17114057210760025,0.182662698333498
962,ERCC2;TP53,230.0,1.3912738649887653e-31,4.784320873035993e-31
963,ERCC2;ATM,1077.0,5.929667911629481e-22,1.16702347964644e-21
964,ERCC2;ERCC3,4029.5,0.010847404618161183,0.01219539048808232
965,ERCC2;ATR,7881.0,2.1050599965185609e-13,3.185239644469416e-13
966,ERCC2;CHEK2,8647.5,2.7342323121617996e-19,4.875906538096584e-19
967,ERCC2;CDK12,9997.0,1.7230073852093539e-34,2.1750662503861302e-33
968,ERCC2;TCEA1,9919.0,1.6622716289731025e-33,8.289770201632095e-33
969,ERCC2;POLR2A,9992.5,2.065159105230372e-34,2.1750662503861302e-33
970,ERCC2;POLD1,2831.0,1.0193616180487271e-07,1.3461649797387854e-07
971,ERCC2;MYC,3186.5,8.658227514042342e-06,1.0755871419313564e-05
972,ERCC2;BRCA1,8399.5,7.507348791153545e-17,1.2431910600012772e-16
973,ERCC2;ERCC5,3728.0,0.0014942316593224419,0.0017305846563734448
974,SMARCA4;DDX5,7625.0,7.816513716099921e-11,1.1176612082267822e-10
975,SMARCA4;CCND1,9787.5,4.01775131574515e-32,1.4677958295153529e-31
976,SMARCA4;FUS,8054.0,1.1840647677373595e-14,1.8508040874266462e-14
977,SMARCA4;KRAS,9481.5,6.536251425159806e-28,1.6770070471679504e-27
978,SMARCA4;VHL,9865.0,4.4505771768965976e-33,1.925055659994323e-32
979,SMARCA4;CDK4,7444.0,1.4247899410613411e-09,1.973576768059317e-09
980,SMARCA4;MDM2,10000.0,1.3868914592384035e-34,2.1750662503861302e-33
981,SMARCA4;SMAD2,9911.0,1.2841551893903344e-33,6.737357959212097e-33
982,SMARCA4;KMT2C,8794.5,1.3413983232888168e-20,2.5208660170125886e-20
983,SMARCA4;CREBBP,5526.0,0.1710759449126107,0.18265012839604033
984,SMARCA4;EP300,8517.5,5.891388544419713e-18,1.0044715742237065e-17
985,SMARCA4;DNMT3A,9651.5,5.048511910757766e-30,1.5067061453867736e-29
986,SMARCA4;LEF1,9994.0,2.467159972994876e-34,2.1750662503861302e-33
987,SMARCA4;NCOR1,8006.5,5.206645296499765e-14,7.983214793568406e-14
988,SMARCA4;TP53,9761.5,1.6277284243425242e-31,5.553237348990882e-31
989,SMARCA4;ERBB2,9944.0,9.835798396853763e-34,5.438803081524257e-33
990,SMARCA4;NONO,10000.0,1.0704032532167847e-34,2.1750662503861302e-33
991,SMARCA4;ATM,9119.5,3.4461315927339675e-24,7.45296044085644e-24
992,SMARCA4;STAT5B,7169.5,7.779951873804417e-08,1.0325466081362544e-07
993,SMARCA4;NPM1,9544.0,7.51080982431119e-29,2.037469289860241e-28
994,SMARCA4;RAD21,10000.0,8.165292637113855e-35,2.1750662503861302e-33
995,SMARCA4;BRD3,3151.5,4.653043123342448e-06,5.839112939096405e-06
996,SMARCA4;EZH2,8587.0,5.057728830577932e-19,8.940926260090708e-19
997,SMARCA4;ARID1A,9908.5,5.706195285704389e-34,3.575979884430147e-33
998,SMARCA4;SMARCE1,3984.0,0.012308934467748193,0.013816069347365298
999,SMARCA4;SMAD3,2402.0,3.639489976894813e-11,5.24523659722622e-11
1000,SMARCA4;ARID2,9927.5,1.1404342774542886e-33,6.127958051487046e-33
1001,SMARCA4;SMARCB1,7286.0,4.410011012932851e-09,6.026491918029234e-09
1002,SMARCA4;SMAD4,9208.5,5.718673843167359e-25,1.2816949936437348e-24
1003,SMARCA4;CREB1,10000.0,7.098220770525174e-35,2.1750662503861302e-33
1004,SMARCA4;EWSR1,8987.0,1.3129793324644761e-23,2.753432386527445e-23
1005,SMARCA4;POLR2A,9853.0,1.209233419851273e-32,4.8425384693001155e-32
1006,SMARCA4;NF1,10000.0,1.5482344937524596e-34,2.1750662503861302e-33
1007,SMARCA4;HIF1A,9741.5,2.6935451360895817e-31,8.882530525119842e-31
1008,SMARCA4;SS18,9965.5,3.8007776385123643e-34,2.64295523515065e-33
1009,SMARCA4;FBXW7,7974.5,3.0383160075850387e-13,4.577340942551828e-13
1010,SMARCA4;BAZ1A,683.5,1.341706233160115e-26,3.2045174442303785e-26
1011,SMARCA4;ATRX,9840.5,1.129846659731269e-32,4.545692731119052e-32
1012,SMARCA4;SMARCD1,9207.5,4.59666426855035e-25,1.0329045326469448e-24
1013,SMARCA4;FANCA,7157.0,5.620922367808815e-08,7.48301529397044e-08
1014,SMARCA4;BRCA1,9636.0,5.03997168686723e-30,1.5054574027496238e-29
1015,SMARCA4;TCF7L2,10000.0,1.841539820644953e-34,2.1750662503861302e-33
1016,SMARCA4;ARID1B,9975.0,1.6675112358458124e-34,2.1750662503861302e-33
1017,SMARCA4;MYC,9587.5,1.8562733232725493e-29,5.245527886533058e-29
1018,SMARCA4;CTNNB1,9825.0,3.4898005426967297e-32,1.2899198583486522e-31
1019,SMARCA4;PBRM1,9027.5,9.686375185592541e-24,2.043718720476668e-23
1020,SMARCA4;KDM5C,6574.0,8.377224918155988e-05,0.00010133597940898529
1021,SMARCA4;NCOA2,9930.0,8.94698156774857e-34,5.027767202949441e-33
1022,SMARCA4;TOP1,9023.0,3.4551337916951194e-23,7.082409480485369e-23
1023,SMARCA4;KDM6A,9950.0,4.536777592115329e-34,3.0113826658136167e-33
1024,SMARCA4;PTEN,9834.0,1.844900438343851e-32,7.147955061565413e-32
1025,RNF213;MYH9,9977.5,1.3907290491986879e-34,2.1750662503861302e-33
1026,RNF213;NF1,8888.5,1.2504591016106568e-21,2.4401957397890624e-21
1027,TRRAP;MLLT1,712.5,1.0468387260346174e-25,2.4087048183592797e-25
1028,TRRAP;KAT7,9221.0,1.5596710599535962e-26,3.709720015966709e-26
1029,TRRAP;EP300,9845.0,8.548444745729706e-33,3.4962633184901615e-32
1030,TRRAP;KAT6A,3269.5,1.754764635423892e-05,2.160479722132159e-05
1031,TRRAP;NCOR1,9860.5,6.680650118085993e-33,2.7951969501338e-32
1032,TRRAP;TP53,9177.0,1.500112857888856e-24,3.2958614347513583e-24
1033,TRRAP;ATM,8513.0,6.357161634291176e-18,1.0822832811876996e-17
1034,TRRAP;KMT2D,8226.5,6.872722085373279e-16,1.1057787489315666e-15
1035,TRRAP;MAX,9583.0,3.129327219683628e-29,8.714709807595985e-29
1036,TRRAP;MED12,6772.5,5.499956348776005e-06,6.881914967910889e-06
1037,TRRAP;TFPT,2048.5,5.537702066450293e-13,8.295751340117995e-13
1038,TRRAP;MYC,3615.5,0.0006862408403604662,0.0008050401711764328
1039,TRRAP;CTNNB1,2918.5,2.562839408305756e-07,3.333523897291943e-07
1040,TRRAP;MTOR,9956.0,4.448859644175357e-34,2.973937897537724e-33
1041,TRRAP;NCOR2,7373.5,3.557287572742493e-09,4.878565814046848e-09
1042,WWTR1;SMAD2,3077.5,2.534926869740717e-06,3.2020128880935376e-06
1043,WWTR1;CAMTA1,10000.0,1.6062752269876318e-34,2.1750662503861302e-33
1044,WWTR1;TFE3,1733.5,1.253861153101574e-15,2.0043219912669006e-15
1045,WWTR1;PPP2R1A,3837.0,0.004308784010512978,0.004903245815058562
1046,WWTR1;SMAD3,818.5,1.3714463054767053e-24,3.018928937406047e-24
1047,WWTR1;SMAD4,5121.5,0.7670749130564689,0.7808574078124172
1048,WWTR1;ABL1,6441.5,0.0004019739023405688,0.0004751100569387845
1049,WWTR1;HIF1A,156.0,2.2565342953525295e-32,8.636304014106692e-32
1050,WWTR1;CTNNB1,47.0,8.772185150812986e-34,4.953704555753215e-33
1051,FOXO4;MAPK1,9984.0,1.9593332918813447e-34,2.1750662503861302e-33
1052,FOXO4;CDKN1B,0.0,1.2400409224628187e-34,2.1750662503861302e-33
1053,FOXO4;MDM2,0.0,1.36655230510088e-34,2.1750662503861302e-33
1054,FOXO4;SMAD2,1974.0,1.2403932452439413e-13,1.8892900200806791e-13
1055,FOXO4;CREBBP,6830.0,7.311032342888224e-06,9.111766237656581e-06
1056,FOXO4;EP300,8407.5,6.727018245589952e-17,1.1150395710675717e-16
1057,FOXO4;STAT3,6588.5,0.00010125578909757562,0.00012201534418452626
1058,FOXO4;TP53,6724.0,2.39231510078729e-05,2.9391542795310608e-05
1059,FOXO4;SMAD3,2823.0,8.053843631109257e-08,1.0684868940158768e-07
1060,FOXO4;SMAD4,6215.5,0.0028362137347849913,0.0032456803534493144
1061,FOXO4;SGK1,3658.5,0.0009340887214309598,0.0010902433709102995
1062,FOXO4;PTEN,1.5,2.067946496920801e-34,2.1750662503861302e-33
1063,FOXO4;AKT3,5983.0,0.014088863531459614,0.015788298432141513
1064,FOXO4;IKBKB,5099.5,0.8069690672778497,0.8188153542314294
1065,FOXO4;CTNNB1,9751.0,2.5768886781147813e-31,8.530390106862724e-31
1066,FOXO4;BCL6,34.5,4.9337241032153015e-34,3.1870935515349686e-33
1067,FOXO4;AKT2,8835.0,5.606409458100495e-21,1.067534495162276e-20
1068,FOXO4;AKT1,9087.0,1.0493692203418009e-23,2.2113536740861366e-23
1069,NCOA4;GOLGA5,9593.5,1.690318738593176e-29,4.7961753370919664e-29
1070,NCOA4;CCDC6,9888.5,2.668969497813952e-33,1.2345166003563082e-32
1071,NCOA4;PCBP1,58.0,1.3787387764539689e-33,7.108361904776832e-33
1072,NCOA4;KIF5B,10000.0,1.9275737773065886e-34,2.1750662503861302e-33
1073,NCOA4;TRIM24,9988.5,2.7551675590302675e-34,2.2581884895286096e-33
1074,NCOA4;TRIM33,9988.0,2.7733300644135744e-34,2.2581884895286096e-33
1075,NCOA4;TFRC,4471.0,0.19501804992774963,0.2073154046601977
1076,NCOA4;PRKAR1A,9102.5,9.071668177518589e-24,1.9151915223887748e-23
1077,NCOA4;BRAF,9499.0,3.346796048975742e-28,8.722871150271616e-28
1078,BCR;RARA,662.5,2.1353412750328356e-26,5.051156363116687e-26
1079,BCR;CBL,7746.0,1.3501683723282139e-11,1.9680227308166627e-11
1080,BCR;ERCC3,7152.0,1.2874529911262304e-07,1.6924448601492021e-07
1081,BCR;STAT5B,9915.5,1.541778296978752e-33,7.756020079124552e-33
1082,BCR;ABL1,2141.0,2.129065224463661e-12,3.1579611226379456e-12
1083,BCR;RHOA,1.5,2.561701798861658e-34,2.1804205913493133e-33
1084,BCR;HSP90AA1,3067.0,2.052162256293871e-06,2.598854070264426e-06
1085,BCR;RAC1,5358.5,0.3805490166875207,0.3974546393690153
1086,KDM6A;STAG2,8359.0,1.2474975427556502e-16,2.0500958191933083e-16
1087,KDM6A;RARA,431.5,5.653403923292644e-29,1.5457408195331787e-28
1088,KDM6A;KMT2C,69.0,2.350592936765704e-34,2.1750662503861302e-33
1089,KDM6A;CREBBP,532.0,3.1387831244554525e-28,8.193077400391271e-28
1090,KDM6A;EP300,5568.5,0.15420245014683376,0.16504294447428228
1091,KDM6A;DNMT3A,9909.5,1.6491411381373905e-33,8.247379071766761e-33
1092,KDM6A;NCOR1,1357.5,2.194310217185232e-19,3.927258472600809e-19
1093,KDM6A;TP53,8513.0,4.061760920326173e-18,6.969933336964873e-18
1094,KDM6A;SETDB1,9287.0,3.661270224139412e-26,8.596025743631664e-26
1095,KDM6A;ATM,3661.5,0.0008933568499904537,0.001043406986673541
1096,KDM6A;KMT2D,6611.0,6.155109572885115e-05,7.476997779926524e-05
1097,KDM6A;EZH2,8572.5,9.130217309773548e-19,1.6009148159602934e-18
1098,KDM6A;ARID1A,7899.0,5.586000011082284e-13,8.364478352816453e-13
1099,KDM6A;IDH2,7878.5,1.7584008032891792e-12,2.611531231700646e-12
1100,KDM6A;HSP90AA1,2902.5,2.713086102552669e-07,3.5262976947807536e-07
1101,KDM6A;JUN,4672.0,0.42283192309973616,0.43988775624102594
1102,KDM6A;HSP90AB1,948.0,3.607122525940625e-23,7.385198726096446e-23
1103,KDM6A;ATRX,1331.5,9.085939624192077e-20,1.6535548889524918e-19
1104,KDM6A;KDM5C,9418.5,8.040184161363186e-29,2.1725470259320693e-28
1105,KDM6A;ASXL1,1036.5,1.9317067998328643e-22,3.8678903245784353e-22
1106,KDM6A;FBXW7,2458.5,3.056299579891715e-10,4.3165391696386457e-10
1107,KDM6A;SETD2,854.0,7.317487198932855e-25,1.6336715606919862e-24
1108,KDM6A;POLR2A,9022.0,3.67624004011169e-23,7.517802117530177e-23
1109,KDM6A;MYC,2509.0,1.0751834464445427e-09,1.4947039384200883e-09
1110,KDM6A;SETD1B,9882.5,5.286538507636778e-33,2.266783757120683e-32
1111,KDM6A;BIRC6,7897.0,6.006447248772349e-13,8.978495541417491e-13
1112,KDM6A;PBRM1,4256.0,0.05993459330936462,0.06556946960340744
1113,KDM6A;ASXL2,9595.0,1.2281823620325682e-29,3.5401152987360766e-29
1114,KDM6A;KMT2A,6915.5,2.0516069550272354e-06,2.598854070264426e-06
1115,KDM6A;NCOA2,9014.5,6.809545551338945e-23,1.3835267151926745e-22
1116,KDM6A;NSD1,8979.5,5.144417897409289e-23,1.0501540610423215e-22
1117,PPFIBP1;TFG,20.0,2.999644975878929e-34,2.2884708690149177e-33
1118,PPFIBP1;RANBP2,3066.5,1.595484146075232e-06,2.030936725169798e-06
1119,PPFIBP1;WDCP,8878.0,1.050586427566788e-21,2.0524741060886485e-21
1120,PPFIBP1;KIF5B,1549.5,6.4200832538801375e-18,1.0919196715260707e-17
1121,PPFIBP1;CLTC,4017.0,0.014600808335040868,0.016351391317531185
1122,PPFIBP1;TPM4,7070.5,8.649410722138925e-08,1.1461795803570599e-07
1123,PPFIBP1;ERC1,6449.0,0.0003589314894713831,0.0004249630790041453
1124,PPFIBP1;EML4,9590.5,1.758247977364959e-29,4.9807418112895886e-29
1125,PPFIBP1;TPM3,8698.0,6.719906189881229e-20,1.2281330403082775e-19
1126,HIP1;CLTC,7173.0,8.296479501917612e-08,1.1002545340992812e-07
1127,HIP1;CASP8,2865.0,1.588508218494992e-07,2.0826572090738588e-07
1128,TFG;RANBP2,66.5,1.6367294166351625e-33,8.197879512885683e-33
1129,TFG;NPM1,467.5,1.342063121673477e-28,3.587138552593609e-28
1130,TFG;TPM3,622.5,7.999234322386495e-27,1.9359491469305132e-26
1131,TFG;BIRC6,2620.0,5.723782974705961e-09,7.79715962183043e-09
1132,TFG;EML4,0.0,1.8998716782894645e-34,2.1750662503861302e-33
1133,TFG;PRKAR1A,8089.0,3.7475400301118775e-14,5.763906695178749e-14
1134,TFG;TPM4,8747.5,2.594330805101253e-20,4.8204340120591023e-20
1135,TFG;TPR,268.0,4.727495322397707e-31,1.5355473528389545e-30
1136,TFG;CLTC,7326.0,9.38206237654344e-09,1.269057047880005e-08
1137,TFG;KIF5B,2242.0,9.52613203540274e-12,1.3938320200826364e-11
1138,FNBP1;LASP1,307.5,1.8653015402392106e-30,5.8024141521752584e-30
1139,FNBP1;ABI1,9998.5,2.0595232371302744e-34,2.1750662503861302e-33
1140,FNBP1;DNM2,9057.0,2.293364233203003e-23,4.746056894478591e-23
1141,FNBP1;MLLT6,2551.0,1.6523057106371303e-09,2.283234120736474e-09
1142,CIC;NCOR2,8293.5,5.187035700547934e-16,8.3885799630761155e-16
1143,SH2B3;CBL,908.5,1.175115774353483e-23,2.4703163723635266e-23
1144,SH2B3;ZRSR2,8656.5,2.6443389835422752e-19,4.722912417117365e-19
1145,SH2B3;EZH2,9872.0,9.341090515801788e-33,3.7846200260974185e-32
1146,SH2B3;SRSF2,2447.5,3.778870981700799e-10,5.313172543839692e-10
1147,SH2B3;ASXL1,9985.0,3.313536782237746e-34,2.405794772986061e-33
1148,ARID1B;CCND1,1482.0,3.8320316333894905e-18,6.578987245401927e-18
1149,ARID1B;CDK4,10000.0,1.8110227427272528e-34,2.1750662503861302e-33
1150,ARID1B;SMAD2,9889.5,4.483605144498876e-33,1.9344992983006385e-32
1151,ARID1B;KMT2C,8532.0,5.555670699292337e-19,9.80112196873625e-19
1152,ARID1B;EP300,10000.0,1.0027312658630828e-34,2.1750662503861302e-33
1153,ARID1B;DNMT3A,8192.0,4.858532757836166e-16,7.860996821667504e-16
1154,ARID1B;KMT2D,9991.0,1.351724885925055e-34,2.1750662503861302e-33
1155,ARID1B;ARID1A,9572.0,2.8903759581606e-30,8.871349299647456e-30
1156,ARID1B;SMARCE1,9944.5,4.003353842097367e-34,2.745156920295337e-33
1157,ARID1B;ARID2,9660.0,1.785248320060527e-32,6.932379993403575e-32
1158,ARID1B;SMARCB1,9643.5,8.5551846893981e-31,2.7125429620697092e-30
1159,ARID1B;ATRX,9975.0,3.4660239701292296e-34,2.4749129836294662e-33
1160,ARID1B;SMARCD1,8234.0,4.72162822526942e-16,7.646648147390401e-16
1161,ARID1B;BCL6,153.0,1.5355167273258094e-32,6.037253480816834e-32
1162,ARID1B;PBRM1,6135.0,0.002518713085799417,0.002892878838325951
1163,ARID1B;SS18,9983.0,9.564259511181501e-35,2.1750662503861302e-33
1164,MED12;CDK4,9995.5,1.9688843938309038e-34,2.1750662503861302e-33
1165,MED12;CREBBP,6221.0,0.002151856230590958,0.0024764619157250584
1166,MED12;EP300,9988.0,8.121074450862542e-35,2.1750662503861302e-33
1167,MED12;NCOR1,8805.0,3.0361265167150347e-21,5.8261261753287946e-21
1168,MED12;TP53,5111.5,0.7837149563276339,0.7968575725414248
1169,MED12;KMT2D,6470.0,0.00019648453131832752,0.0002343978392254539
1170,MED12;THRAP3,2177.0,3.799806320041793e-12,5.607229138370809e-12
1171,MED12;QKI,9608.5,1.474063524982487e-29,4.213700200446216e-29
1172,MED12;FLNA,8414.5,5.3245489658247486e-17,8.842691603022745e-17
1173,MED12;FBXW7,4428.0,0.14328409555837854,0.15369020305703174
1174,MED12;NCOR2,3467.0,0.0001320403155732445,0.000158558488749525
1175,MED12;NCOA2,9924.0,5.61497363548635e-34,3.52824525168015e-33
1176,MED12;KDM5C,9742.5,1.3217649530772306e-31,4.558901874086735e-31
1177,MED12;CTNNB1,8644.0,1.2477315289313857e-19,2.262413517306857e-19
1178,CTNNA1;LEF1,8601.5,1.0266765715472357e-18,1.797464149578139e-18
1179,CTNNA1;CTNND1,9966.5,1.8483593462843054e-34,2.1750662503861302e-33
1180,CTNNA1;CTNNB1,9260.5,1.3672699254165285e-25,3.1334780253577734e-25
1181,CTNNA1;RAC1,4611.5,0.33370549527895,0.35011724094840657
1182,AFF4;MLLT1,112.0,6.879640264772568e-33,2.874974214637726e-32
1183,AFF4;ELL,9809.0,3.9550506523511485e-32,1.44641852428842e-31
1184,AFF4;POLR2A,33.0,6.3203977583143305e-34,3.8254456484648555e-33
1185,AFF4;TCEA1,97.0,3.757567786754819e-33,1.6691715001317037e-32
1186,AFF4;CDK12,9986.0,1.6740212253267905e-34,2.1750662503861302e-33
1187,AFF4;MLLT6,4948.0,0.8991913401940996,0.9065359602423595
1188,AFF4;KMT2A,32.5,6.269484446989919e-34,3.801287412069677e-33
1189,AFF4;MLLT10,713.0,1.039955487434361e-25,2.3944611356250175e-25
1190,IL6ST;MAPK1,9942.5,4.347691166736901e-34,2.917596247037424e-33
1191,IL6ST;STAT3,7402.0,2.0407838011104466e-09,2.8166728500949293e-09
1192,IL6ST;PIK3CB,3504.5,0.00011045540933745536,0.0001328694377550455
1193,IL6ST;JAK1,9768.0,1.7683942697323074e-32,6.874657588520647e-32
1194,IL6ST;PTPN11,10000.0,1.2568842947767616e-34,2.1750662503861302e-33
1195,DNM2;EPS15,7939.5,4.623424252331539e-13,6.941161692466463e-13
1196,DNM2;SRC,6816.5,8.9274274140583e-06,1.1074367962306347e-05
1197,DNM2;CLTC,735.0,1.5091146209814465e-25,3.451687710199788e-25
1198,RPL10;CD74,9207.0,7.739219405836324e-25,1.72448370513026e-24
1199,RPL10;PABPC1,0.0,2.305901613079034e-34,2.1750662503861302e-33
1200,RPL10;EIF1AX,8760.5,3.566519477960312e-20,6.584343651619037e-20
1201,PTPRK;CTNNB1,29.5,3.3381900485275744e-34,2.4135533070525727e-33
1202,MLLT6;MLLT1,345.0,4.52749505041503e-30,1.3558945315627682e-29
1203,MLLT6;ELL,1922.5,3.9971041853663753e-14,6.145014263623752e-14
1204,MLLT6;MLLT10,4544.5,0.2618577659431077,0.2761612569726519
1205,MLLT6;LASP1,9655.5,4.50982712537499e-30,1.3517747220551574e-29
1206,MLLT6;KMT2A,357.5,5.398549301025025e-30,1.6042464646898094e-29
1207,NFKBIE;BCL3,8393.5,9.992137477369336e-17,1.6483449700137674e-16
1208,NFKBIE;TNFAIP3,68.5,1.804829923992925e-33,8.853183959654682e-33
1209,NFKBIE;PPP6C,3003.0,1.0482849546342596e-06,1.3423018907802894e-06
1210,NFKBIE;IKBKB,542.0,1.2258687971217521e-27,3.1082924158861155e-27
1211,NFKBIE;BCL10,2491.5,8.698169303722892e-10,1.2133150741064973e-09
1212,ABL1;MAPK1,7803.5,6.063825369175665e-12,8.906324044144113e-12
1213,ABL1;CCND1,2547.5,7.488389401417295e-10,1.0469204600039714e-09
1214,ABL1;CDKN1B,7.5,2.430256400070632e-34,2.1750662503861302e-33
1215,ABL1;MLLT1,4309.0,0.08915290953508756,0.09658697659976884
1216,ABL1;RARA,3780.0,0.002513020784688485,0.002887300476025068
1217,ABL1;KRAS,9989.5,2.932755509279705e-34,2.2727437624477888e-33
1218,ABL1;CDK4,9420.5,2.843268477844099e-27,7.05914932430259e-27
1219,ABL1;MDM2,1150.5,3.8234755796808134e-21,7.312635087646315e-21
1220,ABL1;EP300,2012.5,2.2595145469787608e-13,3.4144653582678603e-13
1221,ABL1;CBL,3.5,2.139173125088589e-34,2.1750662503861302e-33
1222,ABL1;STAT3,36.0,6.039428192400713e-34,3.727189970167297e-33
1223,ABL1;TP53,5681.0,0.09483716120098509,0.10258442225684021
1224,ABL1;ERBB2,9287.0,3.361264504501084e-26,7.89702931852872e-26
1225,ABL1;ATM,340.0,4.483040850453338e-30,1.3460807279901595e-29
1226,ABL1;STAT5B,375.0,1.0043687771929206e-29,2.914440381174419e-29
1227,ABL1;NPM1,6982.5,1.0779016635328315e-06,1.3792033132800686e-06
1228,ABL1;NUP98,1972.5,1.2958103983799885e-13,1.971091873592095e-13
1229,ABL1;EZH2,568.5,2.154600399494354e-27,5.399781711858221e-27
1230,ABL1;EML4,0.0,2.169200349901393e-34,2.1750662503861302e-33
1231,ABL1;CALR,14.0,3.205367633951686e-34,2.360247806921429e-33
1232,ABL1;HSP90AA1,4472.0,0.19478293678934022,0.2071291783212184
1233,ABL1;FIP1L1,636.0,1.3708943745958976e-26,3.2697108064895945e-26
1234,ABL1;NUP214,1324.5,2.240890303000672e-19,4.008549113442196e-19
1235,ABL1;MTOR,8739.5,5.6185609844371e-20,1.0323097693894001e-19
1236,ABL1;JUN,3871.5,0.005398887383845026,0.006131631547344202
1237,ABL1;HSP90AB1,8996.0,7.094444161812001e-23,1.4388731821139834e-22
1238,ABL1;PTEN,113.0,6.591907677251234e-33,2.7647612782257604e-32
1239,ABL1;SRC,6026.5,0.010656370244390144,0.011984515315526306
1240,ABL1;FBXW7,121.0,7.747878058480226e-33,3.206786415581756e-32
1241,ABL1;CBFB,939.5,2.5193056076187608e-23,5.201147060890345e-23
1242,ABL1;DEK,9555.0,6.311104973890688e-29,1.7228419265218184e-28
1243,ABL1;MYC,9754.0,2.0129810428300047e-31,6.767375957218381e-31
1244,ABL1;BRCA1,5818.0,0.04532759855336765,0.04993693994276015
1245,ABL1;ASXL1,4471.0,0.19443508858542058,0.20682291971413158
1246,ABL1;ABI1,227.0,1.9070290013652517e-31,6.429943637773961e-31
1247,ABL1;ETV6,4382.0,0.12905493962192308,0.13877220638872625
1248,ABL1;KMT2A,0.0,1.913619610639156e-34,2.1750662503861302e-33
1249,ABL1;CTNNB1,9930.5,1.4138543308870681e-33,7.238934174141789e-33
1250,ABL1;ABL2,1198.0,1.3073279100539863e-20,2.458174786260379e-20
1251,ABL1;PTPN11,9955.0,8.152581568472211e-34,4.642974561422043e-33
1252,CCDC6;EML4,8167.0,5.888656758209598e-15,9.258961672598895e-15
1253,CCDC6;TRIM24,2986.0,6.611510941502064e-07,8.510011848726679e-07
1254,CCDC6;ETV6,10000.0,2.0214082353334345e-34,2.1750662503861302e-33
1255,CCDC6;TPM3,3047.5,1.6821503722638458e-06,2.1381065415755244e-06
1256,CCDC6;BRAF,5275.0,0.4985510183322672,0.5148541870216377
1257,CCDC6;KIF5B,9548.0,5.138415356830495e-29,1.410513381509626e-28
1258,CCDC6;TRIM33,2635.0,3.275751224798169e-09,4.499601046463622e-09
1259,CCDC6;FBXW7,7550.5,3.598703492674481e-10,5.068100762299513e-10
1260,CCDC6;PPP2R1A,9266.5,1.8412223930311901e-25,4.191873906663895e-25
1261,DDX6;PCBP1,4945.5,0.8949663094548809,0.9028031422872353
1262,DDX6;PABPC1,1815.0,6.136896833850465e-15,9.636126968553933e-15
1263,DDX6;CNOT3,9987.0,1.5153256642178437e-34,2.1750662503861302e-33
1264,DDX6;XPO1,6261.0,0.0016108123065148993,0.0018631082099449436
1265,DDX6;DICER1,9817.0,3.533219709876827e-32,1.3045734313391364e-31
1266,DDX6;LSM14A,7917.5,2.0314926489827778e-13,3.0766163868906573e-13
1267,DDX6;POLR2A,9361.5,1.033023006748555e-26,2.486161219584266e-26
1268,ELL;MLLT1,262.5,2.684055052089336e-31,8.859688882541304e-31
1269,ELL;TCEA1,7365.5,7.135451041422491e-09,9.693442924196591e-09
1270,ELL;CDK12,3277.0,2.357950169082983e-05,2.8989952985950868e-05
1271,ELL;TP53,8795.5,1.6010522694903183e-20,2.99904425114284e-20
1272,ELL;EP300,6287.0,0.0016345388062817855,0.0018899184056573605
1273,ELL;POLR2A,10000.0,2.287218803877981e-34,2.1750662503861302e-33
1274,ELL;MLLT10,7741.5,1.8012379243750104e-11,2.6133829834760855e-11
1275,ELL;KMT2A,8531.5,5.037608776076657e-18,8.597518977837494e-18
1276,SIRPA;CALR,9533.5,1.2054372081719095e-28,3.2269488702107817e-28
1277,SIRPA;SRC,9787.0,1.122357303619719e-31,3.8905384566797886e-31
1278,SIRPA;PTPRC,0.5,2.131720216543899e-34,2.1750662503861302e-33
1279,SIRPA;PTPN11,3.0,2.538357250875751e-34,2.1793326684359512e-33
1280,DDX10;DDX5,8539.5,4.432901851517519e-18,7.576710583009173e-18
1281,DDX10;NSD1,8273.5,8.637635006739562e-16,1.3871592278481377e-15
1282,DDX10;TOP1,155.0,1.622733227091846e-32,6.336910771558666e-32
1283,DDX10;NUP98,2599.0,3.3952649298011805e-09,4.6600617940400635e-09
1284,DDX10;RAP1GDS1,9920.5,1.201055665517164e-33,6.385920584657414e-33
1285,NCKIPSD;SRC,4942.5,0.8888049928229417,0.8973736649711033
1286,NCKIPSD;RAC1,7611.0,1.5390525224524955e-10,2.1861757162333843e-10
1287,NCKIPSD;ABI1,0.0,2.2598537328596127e-34,2.1750662503861302e-33
1288,HIF1A;MAPK1,4174.0,0.03752981378516697,0.0414784254689917
1289,HIF1A;CCND1,8305.5,4.7261459010081e-16,7.65037950064824e-16
1290,HIF1A;DNAJB1,6310.5,0.0013400856636986002,0.0015551833625729893
1291,HIF1A;KRAS,9003.0,1.1527195656188738e-22,2.321561083204445e-22
1292,HIF1A;VHL,8518.0,2.6661611871863266e-18,4.6025240074505214e-18
1293,HIF1A;CDK4,2961.0,4.00689141920571e-07,5.176753923280349e-07
1294,HIF1A;MDM2,8276.0,6.694786838523722e-16,1.07815392888807e-15
1295,HIF1A;CREBBP,8759.0,1.893364294271795e-20,3.531282785214961e-20
1296,HIF1A;EP300,9630.5,2.7976874006175113e-30,8.602142043179822e-30
1297,HIF1A;EPAS1,2954.5,2.0964335588081316e-07,2.7361308078704314e-07
1298,HIF1A;STAT3,6334.5,0.00096967842893495,0.0011310187817749535
1299,HIF1A;TP53,8666.5,1.152271270601556e-19,2.091517600419631e-19
1300,HIF1A;ERBB2,5242.5,0.5486986327534027,0.5647118745669326
1301,HIF1A;ATM,5448.0,0.2674062487408664,0.2819267832972649
1302,HIF1A;STAT6,9985.0,2.2385282122145184e-34,2.1750662503861302e-33
1303,HIF1A;PRKACA,6328.0,0.0009598800803207132,0.00111996811532356
1304,HIF1A;EZH2,8354.5,1.1490410850813735e-16,1.8900932841700272e-16
1305,HIF1A;IDH2,109.5,3.960142200893926e-33,1.7479248334980087e-32
1306,HIF1A;SMAD3,7874.0,3.416039037628093e-13,5.135202659435706e-13
1307,HIF1A;HSP90AA1,6902.5,1.9840791306080507e-06,2.5144765219587177e-06
1308,HIF1A;SMAD4,9762.5,9.496462730796856e-32,3.3252051871969535e-31
1309,HIF1A;ARNT,2653.0,1.9370755539064352e-09,2.67460372125475e-09
1310,HIF1A;MTOR,9770.5,7.14146322405028e-32,2.5236090902165408e-31
1311,HIF1A;FH,5548.0,0.17995131286543498,0.19165230732294092
1312,HIF1A;SDHC,4129.5,0.03035902029371528,0.03365002377648493
1313,HIF1A;FLNA,3237.0,1.2689288453104095e-05,1.5684614053622228e-05
1314,HIF1A;JUN,1818.0,5.611641477669432e-15,8.827415997644769e-15
1315,HIF1A;HSP90AB1,1295.0,8.505737954787108e-20,1.5487792608927422e-19
1316,HIF1A;PTEN,8961.5,1.5108869227625684e-22,3.0305427771720467e-22
1317,HIF1A;SRC,9133.0,5.124177878477183e-24,1.0985234137830111e-23
1318,HIF1A;SDHB,7248.0,2.8555295726868616e-08,3.817682863909398e-08
1319,HIF1A;BCL6,700.0,2.0453184178913182e-26,4.8415208576934216e-26
1320,HIF1A;CREB1,6174.0,0.0027418745660733397,0.0031408413988563014
1321,HIF1A;NCOA2,9886.0,2.9560424214991683e-33,1.3424550077136827e-32
1322,HIF1A;NDRG1,7728.5,2.148145676650194e-11,3.1114800748126866e-11
1323,HIF1A;BRCA1,7928.5,5.850233749750125e-13,8.756348133017078e-13
1324,HIF1A;IKBKB,4026.5,0.01432177157478708,0.016044098075353046
1325,HIF1A;DICER1,1152.5,3.6755329931739015e-21,7.037474805766761e-21
1326,HIF1A;AKT1,1645.5,1.5821806382043242e-16,2.5914769126228173e-16
1327,HIF1A;CTNNB1,5270.5,0.4955666875721648,0.512011501419851
1328,HIF1A;MYC,1868.5,1.6251585020123907e-14,2.5311166214307444e-14
1329,HIF1A;FBXW7,5072.0,0.8585268603838652,0.8695981329093312
1330,PATZ1;FUS,1702.0,7.683349170431203e-16,1.2356284194048504e-15
1331,PATZ1;NCOR1,4702.5,0.4678934269322158,0.48501490206290876
1332,PATZ1;EWSR1,22.0,4.651006609415359e-34,3.052267570887592e-33
1333,PATZ1;TP53,7771.5,1.2591011204128753e-11,1.8376070406025748e-11
1334,CD74;CLTC,6.0,2.9788885197455497e-34,2.2884708690149177e-33
1335,CD74;EIF3E,9962.0,7.673356499374757e-34,4.464498326908949e-33
1336,CD74;B2M,2945.0,3.3814219693292284e-07,4.3752131508804994e-07
1337,CD74;PTPRC,1848.5,1.0214506597388223e-14,1.5995167558030672e-14
1338,CD74;CIITA,2492.5,7.939947811162639e-10,1.1096020879651466e-09
1339,CD74;HLA-A,6202.0,0.0028052499581132538,0.0032113096572505486
1340,CD74;EIF1AX,7112.0,2.3618371329563518e-07,3.076709058234886e-07
1341,ARID2;CCND1,1426.0,1.4276845765593836e-18,2.485681559994574e-18
1342,ARID2;CDK4,9998.5,2.2460421214577846e-34,2.1750662503861302e-33
1343,ARID2;KMT2C,9112.0,1.359805097207638e-24,2.9952112275013364e-24
1344,ARID2;DNMT3A,4911.5,0.8211972769228925,0.8330078629426229
1345,ARID2;TP53,9606.0,1.774281050693819e-29,5.022043661914692e-29
1346,ARID2;KMT2D,6179.0,0.0028544887870193296,0.003263352050260934
1347,ARID2;EZH2,9818.0,3.1518230053892795e-32,1.1775892223378757e-31
1348,ARID2;ARID1A,8582.0,3.008398273830264e-20,5.571824455711357e-20
1349,ARID2;SMARCE1,7901.0,5.205552155250687e-13,7.801556048805886e-13
1350,ARID2;PBRM1,6190.0,0.0013604099630668135,0.0015766521905965485
1351,ARID2;SMARCB1,7802.5,2.526976099891613e-12,3.740141071188615e-12
1352,ARID2;SS18,9337.5,2.522610335036802e-27,6.2946868721207126e-27
1353,ARID2;NF1,9999.0,1.0449742195581614e-34,2.1750662503861302e-33
1354,ARID2;SETD2,8342.0,9.749958380672888e-17,1.6099310159391065e-16
1355,ARID2;SMARCD1,8573.5,2.0040852231459651e-19,3.594249367510356e-19
1356,ARID2;ATRX,8883.0,7.760254248399289e-22,1.523831743322042e-21
1357,TCF7L2;CCND1,461.0,6.455187747836682e-29,1.7593950202305659e-28
1358,TCF7L2;BCL9,1429.5,9.537192120065859e-19,1.6714267731717854e-18
1359,TCF7L2;CREBBP,9642.5,3.8356051992784975e-30,1.1577162942101737e-29
1360,TCF7L2;EP300,6023.5,0.011748719512344975,0.013195831860469364
1361,TCF7L2;LEF1,1847.0,7.925642653706297e-15,1.2433509310580554e-14
1362,TCF7L2;TP53,5369.5,0.3637963837048055,0.38053277908105565
1363,TCF7L2;BCL9L,4536.0,0.24827382840051693,0.26215531651456964
1364,TCF7L2;SMAD4,6981.0,1.04459970878546e-06,1.338117286010302e-06
1365,TCF7L2;JUN,883.5,8.207751133094031e-24,1.735984572580965e-23
1366,TCF7L2;PTEN,5493.0,0.2251208451450013,0.23850939326214732
1367,TCF7L2;EXT2,5259.0,0.5267356363145912,0.5425926554704105
1368,TCF7L2;CREB1,390.5,8.837710798929086e-30,2.579656125092814e-29
1369,TCF7L2;MYC,784.0,5.797934506870702e-25,1.298617087216147e-24
1370,TCF7L2;CTNNB1,7038.0,4.808053375357464e-07,6.20023599449082e-07
1371,FUS;DDX5,4.0,2.1454698612051975e-34,2.1750662503861302e-33
1372,FUS;ATM,8088.0,2.290647821489468e-14,3.549990525142422e-14
1373,FUS;CREB3L2,1324.0,2.0990938191444428e-19,3.7607404038171044e-19
1374,FUS;MYC,6881.0,4.125143150626255e-06,5.186065743384627e-06
1375,FUS;PABPC1,54.5,1.2288376934957619e-33,6.483760410261607e-33
1376,FUS;TAF15,7714.5,2.0589772354004607e-11,2.983574559976517e-11
1377,FUS;ARID1A,9233.0,1.2230110558604945e-25,2.8065911082695013e-25
1378,FUS;NONO,9608.5,9.110464533111205e-30,2.650316955086896e-29
1379,FUS;SRSF2,0.0,2.452911351447391e-34,2.1750662503861302e-33
1380,FUS;THRAP3,335.5,2.986826554660161e-30,9.15112816746943e-30
1381,FUS;EP300,8681.5,8.068292937114665e-20,1.4714522633598036e-19
1382,FUS;EWSR1,4.0,1.9444755651110228e-34,2.1750662503861302e-33
1383,FUS;SF3B1,0.0,2.172147882616894e-34,2.1750662503861302e-33
1384,FUS;RBM10,73.5,1.3036149085116155e-33,6.815874619994165e-33
1385,FUS;SMARCB1,9072.5,6.98868354452033e-24,1.4835927721045614e-23
1386,FUS;PCBP1,1217.0,2.3734057356511052e-20,4.417065278626936e-20
1387,FUS;TCF12,9798.0,2.383775352742122e-32,9.083051399202617e-32
1388,FUS;QKI,9869.5,9.75067633080967e-33,3.9413260116114876e-32
1389,FUS;DROSHA,9981.5,6.120676242615451e-35,2.1750662503861302e-33
1390,FUS;AKT1,25.0,4.583081749174016e-34,3.0251656835455377e-33
1391,FUS;HNRNPA2B1,2788.0,2.7385285124209207e-08,3.6626759051573924e-08
1392,FUS;DICER1,2004.5,1.1293555712386888e-13,1.722441683230763e-13
1393,ARNT;VHL,7340.5,3.507741082102191e-09,4.8125260737376625e-09
1394,ARNT;MDM2,2771.5,3.575444891997038e-08,4.774628109251068e-08
1395,ARNT;CREBBP,745.5,2.6607951596754126e-26,6.276933837432236e-26
1396,ARNT;EP300,9570.5,1.5456499527063533e-29,4.4110373547094606e-29
1397,ARNT;EPAS1,184.0,4.1257659278637606e-33,1.8048920312274882e-32
1398,ARNT;TRIP11,7773.0,8.734017522530197e-12,1.2795576328047631e-11
1399,ARNT;TP53,7686.5,3.708087953817223e-11,5.339646653496801e-11
1400,ARNT;HSP90AA1,272.0,5.461454881536899e-31,1.7623518273194698e-30
1401,ARNT;HSP90AB1,1299.0,1.1980280410272524e-19,2.173430398839992e-19
1402,ARNT;JUN,1343.5,3.6674105359635184e-19,6.516488849506385e-19
1403,ARNT;CREB1,6828.0,4.984544672127725e-06,6.24377904562284e-06
1404,ARNT;FH,8514.5,7.962450680729087e-18,1.3469520094272992e-17
1405,ARNT;MYC,1250.5,4.41131842851982e-20,8.122278363859616e-20
1406,ARNT;BRCA1,81.0,8.830559576315887e-34,4.9785340776097396e-33
1407,ARNT;CTNNB1,1765.5,1.2259316636725552e-15,1.9605829845684176e-15
1408,ARNT;NCOA2,9531.0,1.756126610078952e-29,4.978813424473223e-29
1409,ARNT;AKT1,2063.0,6.602929814399648e-13,9.861592670080026e-13
1410,ZMYM2;STAT5B,9800.5,3.5428572057867437e-32,1.306735806104481e-31
1411,ZMYM2;TRIM24,9824.5,3.277917947263573e-32,1.2194278176257166e-31
1412,ZMYM2;CNTRL,2984.0,7.540150566950048e-07,9.687271509062962e-07
1413,ZMYM2;ETV6,10000.0,1.3923010591644177e-34,2.1750662503861302e-33
1414,ZMYM2;FGFR1,10000.0,1.5688720635768731e-34,2.1750662503861302e-33
1415,FLNA;MAPK1,4192.5,0.04801093680381942,0.052859444916852474
1416,FLNA;MYH9,5469.5,0.2498814983751968,0.26377228417369586
1417,FLNA;VHL,7338.0,8.554080691627211e-09,1.1575138163768065e-08
1418,FLNA;CDK4,3109.5,2.954714689603071e-06,3.726822615791319e-06
1419,FLNA;ITGAV,389.5,1.5400513169852858e-29,4.398692026034006e-29
1420,FLNA;SMAD3,2525.5,1.1078948666864687e-09,1.5395595734895197e-09
1421,FLNA;EZR,6913.5,2.207929667932714e-06,2.7940699129899153e-06
1422,FLNA;RAC1,2630.5,6.841051182467501e-09,9.297158036416705e-09
1423,FLNA;BRCA1,2501.5,9.022726005446971e-10,1.2578677319412963e-09
1424,FLNA;MYC,9513.5,2.3926919498278737e-28,6.317145438201017e-28
1425,FLNA;CBFB,2691.0,1.503796330338032e-08,2.023800668866136e-08
1426,FLNA;SRC,10000.0,2.04398868759785e-34,2.1750662503861302e-33
1427,FLNA;ARHGAP35,5731.0,0.07321921252550845,0.07952407243499598
1428,FLNA;HSP90AB1,9174.5,1.6091507275906464e-24,3.530936453684618e-24
1429,FLNA;AKT1,6952.0,1.6445630331192048e-06,2.0918696512550505e-06
1430,FLNA;RHOA,9.0,2.492263411900774e-34,2.1750662503861302e-33
1431,FLNA;MAP2K4,9599.0,2.3826220406648917e-29,6.70003398904627e-29
1432,RALGDS;KRAS,2259.5,1.9816586864964003e-11,2.8739456233871423e-11
1433,RALGDS;ARAF,5714.0,0.07964351070634572,0.08644722770136018
1434,RALGDS;AKT1,484.5,2.2298318115520755e-28,5.905209763006876e-28
1435,RALGDS;BRAF,8539.0,3.4453963912792135e-18,5.92697358300695e-18
1436,RALGDS;RHOA,0.0,2.376623591216386e-34,2.1750662503861302e-33
1437,RALGDS;SRC,2336.5,7.10227426430857e-11,1.0163751493768289e-10
1438,RALGDS;RAF1,0.0,1.1610684839540696e-34,2.1750662503861302e-33
1439,ERC1;IKBKB,1637.5,1.497765291251811e-16,2.457871247182459e-16
1440,SS18;ARID1A,8566.0,7.585679000980516e-19,1.3334743961031875e-18
1441,SS18;SMARCE1,91.5,1.7828790322095405e-33,8.789771662362585e-33
1442,SS18;SMARCB1,1010.0,6.762231886470102e-23,1.3747219646847456e-22
1443,SS18;SMARCD1,8897.5,5.83875376621618e-22,1.1510971486619008e-21
1444,SS18;PBRM1,6524.5,7.743349555593926e-05,9.379956559457626e-05
1445,TPM4;MYH9,102.0,2.2672492490806763e-33,1.0733716992907969e-32
1446,TPM4;RANBP2,7494.5,6.000905585776405e-10,8.410028266197589e-10
1447,TPM4;WDCP,3845.5,0.004327425185054959,0.004922837866869631
1448,TPM4;NPM1,8497.0,1.101306967566803e-17,1.8521250023897182e-17
1449,TPM4;KIF5B,8023.0,4.682793250889034e-14,7.189575066669259e-14
1450,TPM4;EML4,7683.0,4.158724452512931e-11,5.98357689753734e-11
1451,TPM4;CLTC,7451.5,1.1758743094700024e-09,1.6327125807667048e-09
1452,TPM4;TPM3,9299.0,9.129974066684337e-27,2.2049748689350853e-26
1453,CAMTA1;TFE3,9765.5,2.1146988542168855e-31,7.0817822094705e-31
1454,STAG2;MYC,5902.0,0.026853606755920068,0.029812420478143194
1455,STAG2;RAD21,9811.0,2.290954456482051e-32,8.758339161064124e-32
1456,STAG2;ATRX,6884.0,2.948714743933137e-06,3.7206126889495878e-06
1457,STAG2;BRCA1,9929.0,9.072593212948184e-34,5.081828548452013e-33
1458,STAG2;ZRSR2,0.0,1.5573640298944348e-34,2.1750662503861302e-33
1459,STAG2;PPP2R1A,818.0,1.1904841393217313e-24,2.6340033197797077e-24
1460,STAG2;EP300,9316.0,1.6499735588785827e-26,3.921807853840703e-26
1461,STAG2;EZH2,55.0,7.311223614591739e-34,4.319245950774196e-33
1462,STAG2;SRSF2,91.5,3.7790805340640985e-33,1.6765728274358825e-32
1463,STAG2;STAG1,9234.0,1.037320558482364e-25,2.3899865667433668e-25
1464,STAG2;IDH2,4875.5,0.7610720148294472,0.7754318641658519
1465,STAG2;ASXL1,75.5,1.5146118175566065e-33,7.652775499233381e-33
1466,STAG2;NPM1,4686.5,0.441676774035355,0.4588022035065184
1467,STAG2;DNMT3A,3651.5,0.000876376012933561,0.0010239200475653776
1468,STAG2;ETV6,268.5,4.404990660003295e-31,1.4348395589982458e-30
1469,CTNNB1;MAPK1,7581.5,1.699256975794509e-10,2.411758566055779e-10
1470,CTNNB1;DDX5,5407.0,0.31641713978247443,0.3325844388954476
1471,CTNNB1;CCND1,9043.0,6.1018174492360886e-24,1.2985148463398967e-23
1472,CTNNB1;MLH1,4170.5,0.040769137262550235,0.04499836994724527
1473,CTNNB1;BCL9,10000.0,1.7894250906104696e-34,2.1750662503861302e-33
1474,CTNNB1;RARA,7899.5,1.1338028359139235e-12,1.6860682448014282e-12
1475,CTNNB1;KRAS,9796.5,9.134850660421244e-32,3.2050805971995757e-31
1476,CTNNB1;NOTCH2,758.0,1.6636483626450454e-25,3.7976015464341325e-25
1477,CTNNB1;CDK4,9899.0,2.3446324694914805e-33,1.1054638219048509e-32
1478,CTNNB1;MDM2,129.0,2.6719282901230282e-33,1.2345166003563082e-32
1479,CTNNB1;SMAD2,2821.5,8.596440583505517e-08,1.1395971866741492e-07
1480,CTNNB1;CREBBP,5519.0,0.19107757948597304,0.20331407472399102
1481,CTNNB1;MAP2K2,9230.5,3.6411229955499964e-25,8.230033402629685e-25
1482,CTNNB1;EP300,8715.0,1.8779800740733692e-20,3.504481174944689e-20
1483,CTNNB1;EPAS1,1113.5,1.291739001339279e-21,2.5164881559349196e-21
1484,CTNNB1;CBL,3185.5,7.744141719478198e-06,9.644595957663658e-06
1485,CTNNB1;CUL3,370.0,8.970866135522934e-30,2.6141073663041537e-29
1486,CTNNB1;STAT3,886.0,3.957043108035824e-24,8.531217081329886e-24
1487,CTNNB1;LEF1,4427.0,0.1549636588760415,0.16580631736086668
1488,CTNNB1;DAXX,8591.5,1.4085662302132543e-18,2.45363149779083e-18
1489,CTNNB1;PML,874.5,5.1270783172222135e-24,1.0985234137830111e-23
1490,CTNNB1;TP53,9791.0,5.910561859752418e-32,2.112399357528889e-31
1491,CTNNB1;ERBB2,9804.0,3.5730292986828504e-32,1.3150574287803972e-31
1492,CTNNB1;NONO,10000.0,1.2492594596759949e-34,2.1750662503861302e-33
1493,CTNNB1;ATM,302.0,6.988592089903289e-31,2.226043710848458e-30
1494,CTNNB1;STAT5B,3434.0,0.00011043603180237976,0.0001328694377550455
1495,CTNNB1;KMT2D,35.0,3.4564404705175777e-34,2.4731797652399065e-33
1496,CTNNB1;MAP2K1,1829.0,5.608688670142515e-15,8.826788726781663e-15
1497,CTNNB1;MLLT10,5786.5,0.05340859179062944,0.05869001374512412
1498,CTNNB1;PRKACA,5548.0,0.17832584539724283,0.18997969226044117
1499,CTNNB1;EZH2,4569.0,0.2845153839030108,0.2997820630392699
1500,CTNNB1;ARID1A,232.0,1.0262427437995167e-31,3.578905068184793e-31
1501,CTNNB1;PPP2R1A,5285.0,0.4831061460248077,0.49928673464764817
1502,CTNNB1;SMAD3,2874.0,1.1868904947917696e-07,1.5632216272867208e-07
1503,CTNNB1;HSP90AA1,6999.0,5.673478136964091e-07,7.308065762708869e-07
1504,CTNNB1;BCL9L,1649.5,2.1373421364896687e-16,3.494160086900802e-16
1505,CTNNB1;EZR,769.0,4.1497676444437195e-25,9.355249171035548e-25
1506,CTNNB1;SMAD4,9733.5,1.4732247477575146e-31,5.06109813941349e-31
1507,CTNNB1;NF2,9960.0,6.059981564198482e-34,3.733207894094466e-33
1508,CTNNB1;HNRNPA2B1,9971.5,3.954404582501774e-34,2.7223948679534128e-33
1509,CTNNB1;RAC1,8002.0,1.905176641788101e-13,2.8878466991314375e-13
1510,CTNNB1;TRIM33,1324.5,1.5070520324618681e-19,2.719776409497763e-19
1511,CTNNB1;CASP8,416.5,2.8587115038727316e-29,7.980377186901583e-29
1512,CTNNB1;CUX1,1135.0,2.4336288471311813e-21,4.6908094231374026e-21
1513,CTNNB1;MTOR,1850.0,9.505944346627579e-15,1.4892358867608754e-14
1514,CTNNB1;GNAS,10000.0,1.7331157633349713e-34,2.1750662503861302e-33
1515,CTNNB1;JUN,4367.5,0.12082999270825415,0.130292809609899
1516,CTNNB1;HSP90AB1,8995.5,2.389314060934446e-23,4.935725878415688e-23
1517,CTNNB1;PTEN,1057.0,2.34776257465441e-22,4.68738732409338e-22
1518,CTNNB1;SRC,9944.0,6.53550623878352e-34,3.931943081510506e-33
1519,CTNNB1;FANCA,1526.5,1.0223435539397041e-17,1.7226812883547623e-17
1520,CTNNB1;AKT2,7090.0,2.600253584510952e-07,3.380916624556001e-07
1521,CTNNB1;CTNND1,2451.5,3.4670109180096937e-10,4.892605035786648e-10
1522,CTNNB1;BCL6,80.5,2.130384635653691e-33,1.0169349863009885e-32
1523,CTNNB1;XPO1,9373.0,7.089789324433789e-27,1.7230880383434017e-26
1524,CTNNB1;CREB1,7568.0,2.6289388560649875e-10,3.7175174658594915e-10
1525,CTNNB1;MITF,2890.5,2.2743642372197854e-07,2.966114265596822e-07
1526,CTNNB1;FGFR1,1407.5,1.072388989603872e-18,1.875595317849687e-18
1527,CTNNB1;RHOA,3190.5,9.601651971585045e-06,1.1906461863580163e-05
1528,CTNNB1;RAF1,379.5,8.899388561566567e-30,2.595467246310047e-29
1529,CTNNB1;TBL1XR1,3893.5,0.006300164688306244,0.007141150922527511
1530,CTNNB1;FAT1,5942.5,0.020222640973259785,0.022581404589203817
1531,CTNNB1;PTPRC,1109.0,1.48240055489551e-21,2.883048012222219e-21
1532,CTNNB1;BRCA1,4574.5,0.29318109964618977,0.3085365043779634
1533,CTNNB1;BRAF,4948.0,0.8980400112545492,0.9056394160769543
1534,CTNNB1;UBR5,1455.0,3.2324442854751044e-18,5.574514695909161e-18
1535,CTNNB1;IKBKB,1115.5,8.735235881976568e-22,1.711393152387246e-21
1536,CTNNB1;KMT2A,512.0,3.748940486527577e-28,9.719683661994978e-28
1537,CTNNB1;AKT1,9603.0,1.081294371026849e-29,3.13502797505771e-29
1538,CTNNB1;FBXW7,1290.5,5.711423159961303e-20,1.0482569538410122e-19
1539,CTNNB1;MYC,9945.0,3.2839790680237794e-34,2.394394864786958e-33
1540,CTNNB1;PTPN11,6213.5,0.0026805066615607034,0.003072580770266597
1541,POLG;POLD1,76.0,2.190431828870617e-33,1.0420639368250595e-32
1542,SET;TP53,9976.0,4.068139962473537e-34,2.7785556739740205e-33
1543,SET;NPM1,1129.5,7.735006277691203e-22,1.5197374471688912e-21
1544,SET;NUP214,2649.0,5.15867288944521e-09,7.041221763792515e-09
1545,SET;DEK,8144.5,1.4348362287132962e-15,2.288322107260338e-15
1546,SET;KMT2A,3661.5,0.0009834091291321715,0.0011466470817411555
1547,SET;XPO1,357.0,3.422621277148062e-30,1.0385056307132312e-29
1548,MYC;BCL3,2.5,2.567798555205933e-34,2.1804205913493133e-33
1549,MYC;MAPK1,8114.0,1.9207933448694974e-14,2.98214815807232e-14
1550,MYC;MYH9,578.0,3.041376270164731e-27,7.540169576534657e-27
1551,MYC;CCND1,8606.0,3.9206647382418413e-19,6.95933093752635e-19
1552,MYC;CDKN1B,129.0,1.0084806492738764e-32,4.0638776173737115e-32
1553,MYC;MLH1,1691.0,5.723833861209344e-16,9.239406737197334e-16
1554,MYC;MSH2,9767.5,1.7856500254362379e-31,6.06148720997052e-31
1555,MYC;BCL9,4935.0,0.8743186599403763,0.8845253151730643
1556,MYC;RARA,8572.5,2.070362922218943e-18,3.5829615719522624e-18
1557,MYC;KRAS,9499.5,3.6650787404005545e-28,9.509393488606844e-28
1558,MYC;CDK4,9998.5,1.561431445122821e-34,2.1750662503861302e-33
1559,MYC;MDM2,6417.5,0.0005024411667963488,0.000591228012410004
1560,MYC;SMAD2,6211.0,0.0029862755314141393,0.003408377885259995
1561,MYC;CREBBP,5046.0,0.9110136948679338,0.9168501250621954
1562,MYC;EP300,2642.0,6.1360922561275e-09,8.34895072329789e-09
1563,MYC;EPAS1,381.0,1.3337137215326913e-29,3.8347043441073054e-29
1564,MYC;STAT3,2396.0,1.7763754263641103e-10,2.5191438135061e-10
1565,MYC;DNMT3A,8584.5,1.3998803782926229e-18,2.4397310072512885e-18
1566,MYC;LEF1,7817.5,5.271093392829165e-12,7.758474772409537e-12
1567,MYC;DAXX,9570.0,4.5859356471151104e-29,1.2648837666743673e-28
1568,MYC;PML,4.0,2.4454962027162914e-34,2.1750662503861302e-33
1569,MYC;NCOR1,429.5,5.197244174021006e-29,1.4255298305886189e-28
1570,MYC;TP53,9980.5,2.589852529367694e-34,2.1937574366408703e-33
1571,MYC;ERBB2,9001.0,8.468792453883003e-23,1.7125890415810216e-22
1572,MYC;NONO,10000.0,1.8583575231346335e-34,2.1750662503861302e-33
1573,MYC;ATM,2.5,2.2265815871214036e-34,2.1750662503861302e-33
1574,MYC;ERCC3,2482.5,7.162968027241499e-10,1.0018299272418704e-09
1575,MYC;STAT5B,363.0,8.140465106053972e-30,2.3862126723089506e-29
1576,MYC;NPM1,9940.0,8.914823949280582e-34,5.017855304350764e-33
1577,MYC;RAD21,3539.0,0.00033654292995715263,0.00039900252690631884
1578,MYC;STAT6,9827.0,3.395817712462575e-32,1.259359848090865e-31
1579,MYC;MAP2K1,7951.5,4.832871329486408e-13,7.249306994229613e-13
1580,MYC;BRD3,10000.0,2.220218679444786e-34,2.1750662503861302e-33
1581,MYC;EZH2,6053.0,0.009805502787595803,0.011045572892415612
1582,MYC;ARID1A,0.0,2.040169760334603e-34,2.1750662503861302e-33
1583,MYC;SMAD3,17.5,3.163787031093009e-34,2.352221943645905e-33
1584,MYC;HSP90AA1,9932.5,1.3656128283474899e-33,7.065206489175038e-33
1585,MYC;SMARCB1,8511.0,7.064314877967476e-18,1.1997185365236166e-17
1586,MYC;SMAD4,7494.0,9.508373504132098e-10,1.3239701382063065e-09
1587,MYC;HNRNPA2B1,9987.5,2.8266726583019507e-34,2.2581884895286096e-33
1588,MYC;NF1,2757.0,3.742734625531496e-08,4.9941663574659656e-08
1589,MYC;CASP8,2515.0,1.2160542410612554e-09,1.687147112447892e-09
1590,MYC;MAX,11.5,3.0909179096930384e-34,2.3323607632967557e-33
1591,MYC;TOP1,10000.0,1.9788806886958067e-34,2.1750662503861302e-33
1592,MYC;MTOR,7898.0,1.1723920760141376e-12,1.7427040923461761e-12
1593,MYC;SGK1,8767.0,2.652823275455564e-20,4.92382236303675e-20
1594,MYC;SDHC,10000.0,2.272661256771808e-34,2.1750662503861302e-33
1595,MYC;JUN,6117.5,0.006110854428801109,0.006931116805361547
1596,MYC;HSP90AB1,9838.5,1.6614774791605056e-32,6.466290729705752e-32
1597,MYC;PTEN,7939.0,5.936030214718185e-13,8.880917931630323e-13
1598,MYC;CCND3,6548.5,0.00014824085526130945,0.0001776423008956607
1599,MYC;ATRX,907.0,1.3691328860748696e-23,2.8677110631968175e-23
1600,MYC;SRC,9739.0,3.751589859760545e-31,1.2254720751731989e-30
1601,MYC;CHEK2,8411.5,7.018714633821819e-17,1.1628321080770953e-16
1602,MYC;STAG1,1170.5,7.854812464324523e-21,1.4890966471039798e-20
1603,MYC;AKT2,1193.5,1.2093231521633442e-20,2.2800986436860433e-20
1604,MYC;SPOP,1037.0,3.278940611426997e-22,6.50517724058077e-22
1605,MYC;MAP3K1,6421.5,0.0004838468138947755,0.000569929989372987
1606,MYC;NCOR2,1.5,2.4067588496845874e-34,2.1750662503861302e-33
1607,MYC;BCL6,0.0,2.239507709197937e-34,2.1750662503861302e-33
1608,MYC;XPO1,6614.5,7.687823525406211e-05,9.319227675834397e-05
1609,MYC;SETD2,98.0,4.355381598190839e-33,1.888607127145237e-32
1610,MYC;CREB1,9965.0,5.711634537631484e-34,3.575979884430147e-33
1611,MYC;TCF12,5527.0,0.19726341000399883,0.20950901812348494
1612,MYC;MITF,6952.0,1.5089610291154365e-06,1.921506748939922e-06
1613,MYC;NCOA2,1056.0,3.962548348988638e-22,7.83890503383213e-22
1614,MYC;RHOA,9232.0,3.9910942709342355e-25,9.009289222958013e-25
1615,MYC;RAF1,242.0,2.500504153525198e-31,8.301385547149937e-31
1616,MYC;NDRG1,362.0,8.369968273750942e-30,2.4493319520815628e-29
1617,MYC;CNBP,7332.5,1.0694950613328737e-08,1.444382544730915e-08
1618,MYC;PTPRC,59.5,1.363145481237623e-33,7.063014667402137e-33
1619,MYC;BRCA1,8764.0,2.2551526165226908e-20,4.201513446200765e-20
1620,MYC;BRAF,1902.5,3.2991017938850134e-14,5.087771441172069e-14
1621,MYC;DROSHA,9289.0,8.516687464387282e-26,1.9727662115899764e-25
1622,MYC;UBR5,479.0,2.0714711415790044e-28,5.490033945779938e-28
1623,MYC;IKBKB,1504.0,1.0404719529186336e-17,1.7523738154419092e-17
1624,MYC;KMT2A,751.5,2.8153214819457095e-25,6.371808147743531e-25
1625,MYC;DICER1,1602.5,9.893273558846493e-17,1.6328153495402808e-16
1626,MYC;AKT1,9831.5,1.8638721221866814e-32,7.213372961116653e-32
1627,MYC;POLR2A,12.5,3.1580296475409576e-34,2.352221943645905e-33
1628,MYC;FBXW7,587.0,3.749584439337314e-27,9.249510222947721e-27
1629,MYC;JAK1,5623.5,0.12727856268206067,0.13698994476150783
1630,MYC;PTPN11,3024.5,1.222552630640242e-06,1.5608207947885764e-06
1631,PTEN;MAPK1,8228.5,1.788012036275977e-15,2.8397838223206693e-15
1632,PTEN;TSC2,9678.5,9.783127614737118e-31,3.0933658770843073e-30
1633,PTEN;COL1A1,9996.0,2.202630047242138e-34,2.1750662503861302e-33
1634,PTEN;CCND1,8050.0,6.743295242497296e-14,1.0334735413778561e-13
1635,PTEN;CDKN1B,39.0,5.2254674111440005e-34,3.3442991431321603e-33
1636,PTEN;MLH1,5657.0,0.10265343965955812,0.11090037119832225
1637,PTEN;MSH2,4404.5,0.14296699785877126,0.1534929930412903
1638,PTEN;PLCG1,101.5,4.4741880940919084e-33,1.9328492566477043e-32
1639,PTEN;KRAS,7286.0,1.8274506326429125e-08,2.4555479729447537e-08
1640,PTEN;CDK4,9120.5,3.582352829310566e-24,7.742721312130904e-24
1641,PTEN;MDM2,2737.5,1.739109870500935e-08,2.33775329150184e-08
1642,PTEN;PALB2,7859.5,5.979668553708313e-13,8.942334280231904e-13
1643,PTEN;SMAD2,163.5,3.020285602352338e-32,1.1331398219057222e-31
1644,PTEN;KMT2C,5578.0,0.14800601256430693,0.15860737346426193
1645,PTEN;CBL,3673.0,0.0011117913140795597,0.0012941565447824042
1646,PTEN;STAT3,0.0,1.8405982396674319e-34,2.1750662503861302e-33
1647,PTEN;PMS2,9703.0,6.394268104980887e-31,2.0480621474341006e-30
1648,PTEN;DAXX,1115.0,2.1233932571596082e-21,4.1019827259606526e-21
1649,PTEN;TP53,1485.0,7.253311958293782e-18,1.2300022633887788e-17
1650,PTEN;ERBB2,5114.0,0.7791767603530289,0.792727240563173
1651,PTEN;ATM,109.0,2.459401514029215e-33,1.147056900470306e-32
1652,PTEN;MAP2K1,3739.5,0.0018789269005070883,0.0021681373516368938
1653,PTEN;PPM1D,9925.5,1.681729690516396e-33,8.362673108524698e-33
1654,PTEN;EZH2,2756.0,3.005956988904967e-08,4.0172418227593066e-08
1655,PTEN;ARID1A,5913.5,0.02253481581971978,0.025114583512722208
1656,PTEN;IDH2,7727.0,2.362973287188447e-11,3.415489619624957e-11
1657,PTEN;SMAD3,9971.5,2.324495647388387e-34,2.1750662503861302e-33
1658,PTEN;HSP90AA1,901.0,7.237505064445753e-24,1.533587829719468e-23
1659,PTEN;SMAD4,1142.5,2.3261320034327377e-21,4.4886165292370416e-21
1660,PTEN;NF2,9694.5,8.652304455030177e-31,2.740821649549431e-30
1661,PTEN;NF1,9025.0,1.397226095796769e-23,2.924780973394085e-23
1662,PTEN;CASP8,46.5,8.995789965238643e-34,5.0469886558222e-33
1663,PTEN;MTOR,0.5,2.0940304514130886e-34,2.1750662503861302e-33
1664,PTEN;MDM4,4621.5,0.34853976559936983,0.36512683537781815
1665,PTEN;SGK1,10000.0,1.3703142133235024e-34,2.1750662503861302e-33
1666,PTEN;SDHC,1198.5,6.2300263345353484e-21,1.1843218378522643e-20
1667,PTEN;JUN,5726.0,0.0752240599679207,0.08167588791992898
1668,PTEN;HSP90AB1,1696.5,4.585560539310285e-16,7.429768975085019e-16
1669,PTEN;DICER1,3695.5,0.0013595076535755787,0.0015766521905965485
1670,PTEN;SDHD,8610.0,9.033819326542199e-19,1.5848162229710577e-18
1671,PTEN;PBRM1,4112.5,0.027676871150699108,0.030716527519851034
1672,PTEN;BRAF,8138.5,8.799648328173608e-15,1.379210186946394e-14
1673,PTEN;DROSHA,8723.5,3.32068324009722e-20,6.137048811644916e-20
1674,PTEN;PTPN11,5142.0,0.7255521212796596,0.7403330768061718
1675,PTEN;AKT1,4267.0,0.07207334775044223,0.0783041464399649
1676,PTEN;RHOA,312.0,2.215764870895674e-30,6.843327429683155e-30
1677,PTEN;SPOP,9929.0,1.4714190424770671e-33,7.478270898236387e-33
1678,PTEN;AKT2,9620.5,6.735373583767919e-30,1.9929324576628363e-29
1679,PTEN;MAP3K1,1084.0,9.632087011321208e-22,1.8838988517898187e-21
1680,PTEN;CREB1,75.0,2.1557985502926713e-33,1.0276468675602031e-32
1681,PTEN;BAP1,2.0,2.1643138917833815e-34,2.1750662503861302e-33
1682,PTEN;FBXW7,582.5,2.3059712115600168e-27,5.770222958778212e-27
1683,PTEN;SRC,8738.0,5.941141609496531e-20,1.0898399895127396e-19
1684,PTEN;PIK3CB,5366.0,0.37128672648057004,0.38825020475547656
1685,PTEN;SDHB,9967.0,4.750679580763779e-34,3.109322882207902e-33
1686,PTEN;AKT3,5024.5,0.9525465640624174,0.9566989030513556
1687,PTEN;RAF1,8.5,2.805587107584263e-34,2.2581884895286096e-33
1688,PTEN;FGFR1,9263.5,1.2227795566526019e-25,2.8065911082695013e-25
1689,PTEN;BRCA1,1082.0,3.3813068339295043e-22,6.704415615639912e-22
1690,PTEN;IKBKB,8305.5,3.3490298486241327e-16,5.444142594941205e-16
1691,PTEN;ATRX,856.0,3.240291959670296e-24,7.016572063045453e-24
1692,PTEN;TRIM27,7913.5,1.0788472865626237e-12,1.6057261939536725e-12
1693,PTEN;CHEK2,9983.0,2.239601867133343e-34,2.1750662503861302e-33
1694,SETD1B;KMT2C,9859.5,6.445884742753132e-33,2.71009460717212e-32
1695,SETD1B;EP300,9999.0,1.5602841684188511e-34,2.1750662503861302e-33
1696,SETD1B;KMT2D,10000.0,9.231248732336371e-35,2.1750662503861302e-33
1697,SETD1B;RBM15,9684.0,7.734128280226463e-31,2.4544671566999683e-30
1698,SETD1B;SETD2,9999.0,1.4032686059409756e-34,2.1750662503861302e-33
1699,SETD1B;KMT2A,9832.0,1.301094085012036e-32,5.180393038941931e-32
1700,SETD1B;POLR2A,8512.5,4.362142948104094e-18,7.474251873399974e-18
1701,FANCA;MSH2,7020.5,2.4545836932299324e-07,3.1951191125433697e-07
1702,FANCA;PALB2,1428.5,1.6386481910935312e-19,2.9541826543658025e-19
1703,FANCA;ATM,9445.0,3.58718731135781e-28,9.321292742896685e-28
1704,FANCA;HSP90AA1,6263.0,0.0018990500971464944,0.002190626547309174
1705,FANCA;ATR,2960.0,3.5442601272544975e-07,4.5824777402886433e-07
1706,FANCA;RFWD3,3705.0,0.0012288421212297948,0.0014280021422226532
1707,FANCA;HSP90AB1,8191.0,5.0097128002959256e-15,7.891325176765141e-15
1708,FANCA;CHEK2,9964.0,8.571768940827638e-35,2.1750662503861302e-33
1709,FANCA;AKT1,997.0,1.1501977853966314e-22,2.3178329716214334e-22
1710,FANCA;CDK12,10000.0,1.7245544834799103e-34,2.1750662503861302e-33
1711,FANCA;BRCA1,603.5,3.7991220072143725e-28,9.835030454631364e-28
1712,JAK1;MAPK1,6631.5,3.5131880177749315e-05,4.300948561611818e-05
1713,JAK1;PLCG1,5379.0,0.33778172763341585,0.3542863886801472
1714,JAK1;KRAS,8499.0,1.0848053700589776e-17,1.825261615834385e-17
1715,JAK1;MDM2,8949.5,2.7373376952488845e-22,5.44944647164755e-22
1716,JAK1;CBL,9872.5,1.5737575530525892e-33,7.905386778124634e-33
1717,JAK1;STAT3,7195.5,5.8314362196048394e-08,7.757291599289578e-08
1718,JAK1;TP53,7982.5,2.433461616625353e-13,3.670904996533051e-13
1719,JAK1;ERBB2,1871.0,1.2776727207171703e-14,1.995317181562829e-14
1720,JAK1;STAT5B,2653.5,3.375991275054009e-09,4.635449283506816e-09
1721,JAK1;STAT6,9996.0,1.2096172312890482e-34,2.1750662503861302e-33
1722,JAK1;MAP2K1,1015.5,6.007874991381132e-23,1.2242462246587967e-22
1723,JAK1;EML4,9875.5,3.483072224279337e-33,1.563311377546674e-32
1724,JAK1;CASP8,1979.0,7.480041926522741e-14,1.1453710632726003e-13
1725,JAK1;MTOR,9039.5,2.725626501797557e-23,5.6103425790425e-23
1726,JAK1;LYN,9985.0,2.0779470020959023e-35,2.1750662503861302e-33
1727,JAK1;PTPN11,9952.0,3.211623241392308e-34,2.360247806921429e-33
1728,JAK1;PIK3CB,9117.5,5.51847266351168e-25,1.237627613568875e-24
1729,RAF1;MAPK1,9107.0,3.1637592209470824e-24,6.855142236735496e-24
1730,RAF1;TSC2,9874.5,5.474186719936828e-33,2.3414343198145638e-32
1731,RAF1;KRAS,9063.0,2.573520875228786e-23,5.300410098206607e-23
1732,RAF1;MAP2K2,6455.5,0.00029427530332440166,0.00034973020917783085
1733,RAF1;CBL,9184.0,4.228442686029749e-25,9.52019408659206e-25
1734,RAF1;STAT3,0.5,1.8095247138921815e-34,2.1750662503861302e-33
1735,RAF1;TP53,224.5,1.5257684048029448e-31,5.226021414270541e-31
1736,RAF1;ARAF,8394.5,7.702406501688214e-17,1.273661094250453e-16
1737,RAF1;MAP2K1,1025.5,3.399680153607974e-23,6.972875139981696e-23
1738,RAF1;PRKACA,2.0,1.3809350926402767e-34,2.1750662503861302e-33
1739,RAF1;HSP90AA1,347.5,3.2558023693656806e-30,9.887568531219501e-30
1740,RAF1;NF1,7635.5,4.90411961625227e-11,7.050181944162997e-11
1741,RAF1;QKI,9714.0,7.021162552359336e-31,2.232303383712407e-30
1742,RAF1;SGK1,9999.0,1.0284604558516751e-34,2.1750662503861302e-33
1743,RAF1;JUN,3975.5,0.011951742269321058,0.013419500091869258
1744,RAF1;HSP90AB1,2516.5,1.0480051976926546e-09,1.457507429869543e-09
1745,RAF1;SRC,9117.0,6.975152087002775e-24,1.4816303388249288e-23
1746,RAF1;AKT2,9891.0,2.4767612100384712e-33,1.1520439760286617e-32
1747,RAF1;MAP3K1,41.0,6.203088166670662e-34,3.774273363382712e-33
1748,RAF1;RHOA,0.0,2.353128114985507e-34,2.1750662503861302e-33
1749,RAF1;AKT3,9369.0,2.9649679096360453e-27,7.35601514407909e-27
1750,RAF1;PIK3CB,1890.5,2.4406552611041982e-14,3.7790791139677907e-14
1751,RAF1;BRAF,6536.0,0.0001391594360879753,0.00016699132330557035
1752,RAF1;PTPN11,6659.5,2.6319418040187556e-05,3.232406138837533e-05
1753,RAF1;AKT1,81.0,2.4215076436296808e-33,1.1324398398354772e-32
1754,RAF1;LZTR1,7359.5,5.763145688125005e-09,7.847687745531922e-09
1755,TAF15;HNRNPA2B1,9905.5,1.4761516880824011e-33,7.49130724524637e-33
1756,TAF15;TCF12,9666.0,1.437941748475983e-30,4.513648213199816e-30
1757,TAF15;EWSR1,444.0,1.8350302525291652e-29,5.189741859853351e-29
1758,TAF15;POLR2A,9756.0,2.5995737864584625e-31,8.597250723445404e-31
1759,HERPUD1;DDIT3,110.5,6.32647749304667e-33,2.6663788068255233e-32
1760,CREBBP;MAPK1,8940.5,3.8762330352686222e-22,7.672543739913149e-22
1761,CREBBP;CCND1,5362.0,0.37416184622657744,0.39113833652723884
1762,CREBBP;RARA,839.0,2.186935068914913e-24,4.7654776785434675e-24
1763,CREBBP;NOTCH2,9461.5,1.1289223231091337e-28,3.031511692824527e-28
1764,CREBBP;MDM2,9804.0,3.700862530266703e-32,1.359211573283924e-31
1765,CREBBP;SMAD2,9405.5,2.5819311463482315e-27,6.43806207920598e-27
1766,CREBBP;KMT2C,97.0,1.217078555294459e-33,6.431534383941362e-33
1767,CREBBP;PML,5661.0,0.10151633747121695,0.10974052621223829
1768,CREBBP;KMT2D,3696.5,0.0008991204157077331,0.001049783836718218
1769,CREBBP;AKT1,3673.0,0.0010840457869477052,0.001262710562754051
1770,CREBBP;KAT6A,6597.0,5.466693924362692e-05,6.652427536125867e-05
1771,CREBBP;BCL6,2634.0,4.105982573020898e-09,5.615463305247417e-09
1772,CREBBP;NSD1,7325.0,7.27258140230451e-09,9.875851208787579e-09
1773,CREBBP;TCF12,2944.5,3.3589956164466887e-07,4.3478235394905456e-07
1774,CREBBP;EPAS1,1802.0,1.6768898659838085e-15,2.6682004497421925e-15
1775,CREBBP;STAT5B,4958.0,0.9185528150986,0.9238994554658795
1776,CREBBP;NCOR2,682.5,6.2055936744373226e-27,1.5124493468868398e-26
1777,CREBBP;NCOA2,8569.5,1.2463356439118172e-18,2.1754222148278992e-18
1778,CREBBP;NCOR1,1390.0,3.600042709710879e-20,6.642684252408328e-20
1779,CREBBP;STAT6,9825.5,2.007509480209425e-32,7.734618465556046e-32
1780,CREBBP;KMT2A,8100.0,1.1563243336482504e-14,1.809079627473225e-14
1781,CREBBP;NFATC2,9930.0,7.890362120377508e-34,4.560048743816834e-33
1782,CREBBP;NUP98,9684.5,6.714058514428856e-31,2.144527377621638e-30
1783,CREBBP;CIITA,9619.5,6.998664969542214e-30,2.0655325477999905e-29
1784,CREBBP;ERBB2,2319.5,3.082137690880844e-11,4.44754399151741e-11
1785,CREBBP;PRKACA,8494.5,4.412297862706668e-18,7.545225835484536e-18
1786,CREBBP;FGFR1,6939.0,1.814343160342236e-06,2.301897930302044e-06
1787,CREBBP;LEF1,9971.0,4.359803528997215e-34,2.920054456630693e-33
1788,CREBBP;ATRX,984.0,6.828237552740845e-23,1.3865093409090693e-22
1789,CREBBP;ARID1A,9400.5,1.2383309110267895e-27,3.137589170460839e-27
1790,CREBBP;CCND3,9894.0,5.7594355141130834e-33,2.457359152688249e-32
1791,CREBBP;BRCA1,4531.5,0.24291579798865204,0.25673302686507077
1792,CREBBP;IKBKB,5509.5,0.19689786301667256,0.2091850644284108
1793,CREBBP;DAXX,922.0,1.9375107331511115e-23,4.026480513391606e-23
1794,CREBBP;CREB3L2,3211.5,1.130224923251426e-05,1.3995189304037722e-05
1795,CREBBP;POLR2A,9958.5,4.815125142175664e-34,3.133911956941449e-33
1796,CREBBP;CBFB,9645.5,3.003300809071439e-30,9.185316456770701e-30
1797,CREBBP;CREB1,9552.0,1.9368064537370277e-29,5.459708894058049e-29
1798,CREBBP;TBL1XR1,5100.0,0.8054228852772628,0.817486487964235
1799,CREBBP;SMAD3,5199.5,0.5999634036512029,0.6161882683561835
1800,CREBBP;EWSR1,8507.5,4.385308088335995e-18,7.502784531331286e-18
1801,CREBBP;SETD2,958.5,2.0360208130424673e-23,4.2286586117035863e-23
1802,CREBBP;FBXW7,1936.0,3.06810383474063e-14,4.735760095070843e-14
1803,CREBBP;SRC,8221.0,3.25631880949398e-15,5.150497851538304e-15
1804,CREBBP;STAT3,4704.5,0.4666031120556061,0.4838224888281352
1805,CREBBP;SMAD4,2812.5,6.957468706816794e-08,9.240973040260893e-08
1806,CREBBP;JUN,3063.0,1.9608223821017714e-06,2.4859142159001184e-06
1807,CREBBP;EZH2,9408.0,1.3838254130142496e-27,3.4959799907728414e-27
1808,CREBBP;TP53,7650.0,6.528859458120963e-11,9.374216155906128e-11
1809,CREBBP;EP300,5944.0,0.008881667572186135,0.010017964467844413
1810,USP8;CYLD,4231.0,0.057503133269989404,0.06302912419317583
1811,USP8;AKT1,8624.0,7.88584687592957e-19,1.3855356788618503e-18
1812,USP8;BIRC6,9900.0,3.560037000162547e-33,1.5875468222660339e-32
1813,CYLD;BCL3,3468.0,0.0001509876307353407,0.00018080847256456598
1814,CYLD;STAT3,9971.5,2.0115938530999103e-34,2.1750662503861302e-33
1815,CYLD;TP53,4864.5,0.7403071894725382,0.7549429468330162
1816,CYLD;CASP8,9261.0,3.2061927250882533e-26,7.542955791630364e-26
1817,CYLD;IKBKB,7456.0,1.02952597591354e-09,1.43296084283415e-09
1818,CYLD;TNFAIP3,6047.5,0.00813113613405723,0.009180400679288398
1819,SETDB1;DNMT3A,9228.5,4.708970248544459e-26,1.0996081877682196e-25
1820,SETDB1;DAXX,2673.0,1.0659739763770037e-08,1.4401900165593919e-08
1821,SETDB1;TP53,9518.0,1.606922211951749e-28,4.275229533876247e-28
1822,SETDB1;EZH2,6784.0,1.0579403390085615e-05,1.3109508109048364e-05
1823,SETDB1;ATRX,3079.5,2.1742325107227248e-06,2.7524350025852513e-06
1824,SETDB1;AKT2,7370.5,5.260084192677881e-09,7.176806541608669e-09
1825,MAP2K4;MAPK1,1388.0,8.71346374999572e-19,1.5301692439016876e-18
1826,MAP2K4;MAP2K1,9900.5,4.005725809996806e-33,1.765789336651653e-32
1827,MAP2K4;JUN,3154.0,6.405235213269926e-06,7.997287896337017e-06
1828,MAP2K4;AKT2,10000.0,1.659042549076851e-34,2.1750662503861302e-33
1829,MAP2K4;MAP3K1,7426.0,2.6799163661939205e-09,3.6870186948909987e-09
1830,MAP2K4;RHOA,9317.0,5.037595291252138e-26,1.174759063870944e-25
1831,MAP2K4;AKT1,8271.5,1.0916408269739777e-15,1.7490417745538268e-15
1832,MAP2K4;AKT3,2079.0,7.410100798569469e-13,1.1062336224559863e-12
1833,DNMT3A;CCND1,3195.0,8.51677634310845e-06,1.0587762245245613e-05
1834,DNMT3A;RARA,10.5,2.0066102583922837e-34,2.1750662503861302e-33
1835,DNMT3A;KRAS,9118.5,7.818092732057027e-24,1.6545822707892887e-23
1836,DNMT3A;CDK4,10000.0,1.6616916106909372e-34,2.1750662503861302e-33
1837,DNMT3A;STAT3,7973.0,3.211355760091849e-13,4.83171332471808e-13
1838,DNMT3A;CREB1,9990.0,1.6520089620147408e-34,2.1750662503861302e-33
1839,DNMT3A;EZH2,6012.0,0.012495498963188589,0.014020923511941482
1840,DNMT3A;TP53,4375.0,0.12443385916362987,0.13413706090751865
1841,DNMT3A;SRSF2,12.5,3.5239132590221493e-34,2.500748300447751e-33
1842,DNMT3A;SMARCE1,9141.5,1.9310225925977046e-24,4.221134775469745e-24
1843,DNMT3A;SMARCD1,1844.0,4.929021285398792e-15,7.767759946346658e-15
1844,DNMT3A;ATRX,9807.0,3.3961903310783745e-32,1.259359848090865e-31
1845,DNMT3A;ARID1A,9928.0,4.909496703523652e-34,3.17738213621306e-33
1846,DNMT3A;ZRSR2,936.0,2.084275979180419e-23,4.323684144086151e-23
1847,DNMT3A;ETV6,4586.0,0.3077590230644077,0.3235823497750511
1848,DNMT3A;KMT2A,9940.0,6.387227043850292e-34,3.859135780340316e-33
1849,DNMT3A;NCOR1,9979.5,8.59864739413447e-35,2.1750662503861302e-33
1850,DNMT3A;ASXL1,8506.5,7.4013763386425e-18,1.2532658807618069e-17
1851,DNMT3A;ASXL2,9948.5,7.295674100185823e-34,4.3174466320348414e-33
1852,DNMT3A;PBRM1,8149.5,2.730661354954111e-15,4.3269902075751525e-15
1853,DNMT3A;NPM1,9256.0,1.6668907622862419e-25,3.8024914022846545e-25
1854,DNMT3A;IDH2,2643.0,6.743274285807e-09,9.16788195584146e-09
1855,DNMT3A;SMARCB1,10000.0,2.2764991983357683e-35,2.1750662503861302e-33
1856,SUB1;EP300,7320.5,1.3774687914385375e-08,1.8566818031246435e-08
1857,SUB1;TOP1,8208.0,3.785273832452104e-15,5.978933439193086e-15
1858,SUB1;TP53,10000.0,2.4518049259953775e-34,2.1750662503861302e-33
1859,CTNND1;ERBB2,296.0,9.449223596618174e-31,2.9905235118967408e-30
1860,CTNND1;RAC1,6966.5,1.3209217573794068e-06,1.684540809410786e-06
1861,CTNND1;SRC,9617.0,1.4663513340886742e-29,4.195124346531836e-29
1862,CTNND1;ARHGAP5,1483.5,6.244223366522529e-18,1.0635798893396678e-17
1863,CTNND1;ARHGAP35,653.5,1.7718295241504624e-26,4.2056612880934056e-26
1864,CTNND1;RHOA,4294.0,0.08452205630540409,0.09159869131121873
1865,TRIM33;GOLGA5,7081.0,3.461153846617427e-07,4.476701981253678e-07
1866,TRIM33;SMAD2,8440.5,3.6594556231514246e-18,6.288950091303492e-18
1867,TRIM33;BUB1B,9496.5,2.62106919820756e-28,6.89377104186098e-28
1868,TRIM33;KIF5B,3167.0,5.619879212923444e-06,7.029425465024764e-06
1869,TRIM33;SMAD3,10000.0,1.390787488525209e-34,2.1750662503861302e-33
1870,TRIM33;TRIM24,8512.5,3.277966266552894e-18,5.647383557929612e-18
1871,TRIM33;SMAD4,9019.0,1.8904773200409272e-23,3.9358371193141234e-23
1872,TRIM33;TPM3,4538.5,0.25739526372199995,0.2715378606298022
1873,RAP1GDS1;KRAS,9768.5,2.110106480099907e-31,7.073257027376604e-31
1874,RAP1GDS1;NUP98,2824.0,9.094944758581308e-08,1.2036074858412908e-07
1875,RAP1GDS1;RAC1,9999.0,1.9722099896931615e-34,2.1750662503861302e-33
1876,RAP1GDS1;RHOA,481.5,2.306303292917005e-28,6.103050674059088e-28
1877,RAP1GDS1;NSD1,6211.0,0.003000089621650516,0.0034230141077663196
1878,RAD21;MSH2,9978.0,1.2961478397118853e-34,2.1750662503861302e-33
1879,RAD21;EP300,9517.0,1.1748491223414317e-28,3.149944582476329e-28
1880,RAD21;STAG1,4110.5,0.02536332316886406,0.02820323194066737
1881,RAD21;TOP1,9904.0,2.469102718492452e-33,1.1500295141657567e-32
1882,RAD21;ASXL1,7320.0,5.66517684389413e-09,7.720367181584429e-09
1883,RAD21;ATR,1012.0,3.481457045411106e-23,7.132137254855235e-23
1884,RAD21;BRCA1,9754.0,4.3321394713515357e-32,1.5743295492104003e-31
1885,RAD21;PPP2R1A,7501.0,9.451097028090253e-10,1.3170561019790288e-09
1886,MAP2K1;MAPK1,52.0,6.261473651187601e-34,3.801287412069677e-33
1887,MAP2K1;CCND1,1.0,2.2260416218634785e-34,2.1750662503861302e-33
1888,MAP2K1;KRAS,6817.5,7.922178940465372e-06,9.859218731814306e-06
1889,MAP2K1;MDM2,7744.5,1.3191012040090058e-11,1.9235501101498415e-11
1890,MAP2K1;MAP2K2,1450.0,1.8928637234659294e-18,3.2823567628189927e-18
1891,MAP2K1;STAT3,120.5,5.561944419792695e-33,2.3760296557235545e-32
1892,MAP2K1;TP53,9269.5,1.3399519523040685e-25,3.07290905584795e-25
1893,MAP2K1;ARAF,99.0,3.744807079173649e-33,1.6656439209297466e-32
1894,MAP2K1;RHOA,0.0,1.7527545915434225e-34,2.1750662503861302e-33
1895,MAP2K1;PTPN11,5838.0,0.03655168576296383,0.04041030902009053
1896,MAP2K1;MTOR,197.5,2.8466927159082397e-32,1.0728647792997685e-31
1897,MAP2K1;BRAF,9323.0,7.222164603391469e-27,1.752795004868042e-26
1898,MAP2K1;PRKACA,214.5,3.41002054621291e-32,1.2631330126164863e-31
1899,MAP2K1;SRC,5487.0,0.23249547398063697,0.24602093021343582
1900,MAP2K1;PPP2R1A,2497.5,8.366524672275632e-10,1.1682710815104882e-09
1901,MAP2K1;HSP90AB1,9918.0,1.960846718433086e-33,9.504468806318015e-33
1902,MAP2K1;JUN,2967.0,4.533350811748355e-07,5.848174843375257e-07
1903,MAP2K1;SMAD4,8097.0,1.668379762944807e-14,2.5960920579636438e-14
1904,MAP2K1;MAP3K1,9091.5,5.99085944803238e-24,1.2761129650337455e-23
1905,MAP2K1;NF1,9976.5,3.6555779026443265e-34,2.5626120145109114e-33
1906,MAP2K1;HSP90AA1,8024.0,8.899923535597892e-14,1.3597761157836568e-13
1907,MAP2K1;CREB1,2994.5,7.389921430166267e-07,9.501327553070915e-07
1908,MAP2K1;SMAD3,919.0,6.620880803994067e-24,1.4081085574525227e-23
1909,KIF5B;RANBP2,3817.5,0.0020027133376142882,0.0023094352001317917
1910,KIF5B;WDCP,0.0,1.5300441054470988e-34,2.1750662503861302e-33
1911,KIF5B;NPM1,23.5,4.085068571030133e-34,2.7846147892465757e-33
1912,KIF5B;MYO5A,9998.0,1.8563501921854984e-34,2.1750662503861302e-33
1913,KIF5B;PRKAR1A,9906.5,3.214096948556592e-34,2.360247806921429e-33
1914,KIF5B;KTN1,10000.0,2.050252857682878e-34,2.1750662503861302e-33
1915,KIF5B;EML4,9893.0,2.9304376308741806e-33,1.3343336564296665e-32
1916,KIF5B;BIRC6,9851.0,1.1847937952250688e-32,4.755687986408639e-32
1917,KIF5B;TPM3,891.5,2.403969108613579e-24,5.231811863582197e-24
1918,KIF5B;CLTC,9969.0,2.8771718111534284e-34,2.2581884895286096e-33
1919,KIF5B;TPR,81.0,1.1057329170345158e-33,5.999078432137028e-33
1920,ZCCHC8;PPP2R1A,4212.5,0.05427228937446982,0.05960121769245875
1921,NOTCH2;FBXW7,9991.0,3.494085371503725e-35,2.1750662503861302e-33
1922,NOTCH2;STAT3,4673.5,0.40578891710444087,0.42279363808047865
1923,NOTCH2;TP53,4935.5,0.8735430194716699,0.8842895944036588
1924,NOTCH2;EP300,9982.5,9.288845396118938e-35,2.1750662503861302e-33
1925,NOTCH2;CREB1,8834.5,1.1433119242963895e-21,2.2323649776092214e-21
1926,TNFAIP3;STAT3,9881.0,7.020663680860412e-33,2.926829153323714e-32
1927,TNFAIP3;TP53,9973.0,5.3387140681793495e-34,3.397899782620227e-33
1928,TNFAIP3;CASP8,9997.5,1.8794429692210787e-34,2.1750662503861302e-33
1929,TNFAIP3;IKBKB,74.5,1.672289322152645e-33,8.327711667665045e-33
1930,TNFAIP3;BCL10,2937.5,3.6084726288515803e-07,4.6637552001911227e-07
1931,TRIM27;MDM2,1207.0,1.8547050666870507e-20,3.462917725807913e-20
1932,TRIM27;PML,7023.0,7.545902922320567e-07,9.691059271475243e-07
1933,TRIM27;TRIM24,107.0,6.016627745350035e-33,2.548218809795309e-32
1934,TRIM27;IKBKB,3889.0,0.0065771359786539335,0.007452649817123932
1935,DDIT3;EP300,8437.0,4.4715650052328154e-17,7.436828035651882e-17
1936,DDIT3;TP53,9996.5,2.750253048338239e-34,2.2581884895286096e-33
1937,DDIT3;CALR,167.0,3.213887519900928e-32,1.1994811305375385e-31
1938,DDIT3;JUN,124.5,8.334835205582866e-33,3.421043998871067e-32
1939,PPP6C;PPP2R1A,9988.5,3.2192793286881047e-34,2.360247806921429e-33
1940,PPP6C;SF3B1,1879.5,2.3766691946277602e-14,3.681653400552908e-14
1941,SETD2;PRDM2,9998.5,1.0108198659751391e-34,2.1750662503861302e-33
1942,SETD2;KMT2C,4752.0,0.5065951420804164,0.5226247197104237
1943,SETD2;EP300,7438.0,1.250247705417773e-09,1.7338908787816309e-09
1944,SETD2;TP53,8029.5,8.069483330218808e-14,1.2350812395587332e-13
1945,SETD2;ATM,0.0,7.804952771532149e-35,2.1750662503861302e-33
1946,SETD2;KMT2D,8381.0,3.246791772084839e-18,5.5964650196135685e-18
1947,SETD2;ARID1A,2198.0,2.827398680547483e-12,4.177635673352758e-12
1948,SETD2;NF1,3249.0,1.2800421510969113e-05,1.5816323468684037e-05
1949,SETD2;ATRX,217.5,6.949120762916385e-32,2.4606722701474417e-31
1950,SETD2;KDM5C,8331.0,9.034545321156509e-17,1.493227576753558e-16
1951,SETD2;SPOP,4098.0,0.02645926562584709,0.02939638942577964
1952,SETD2;PBRM1,1442.0,5.324947883499971e-19,9.403689261817017e-19
1953,SETD2;BAP1,8.0,2.2704433701422844e-34,2.1750662503861302e-33
1954,SETD2;UBR5,207.5,5.000685763289893e-32,1.8077792884863884e-31
1955,SETD2;POLR2A,5481.0,0.23478958134658512,0.24829644832735562
1956,SETD2;PRPF40B,5780.5,0.055391635899992776,0.06077253767313493
1957,SETD2;CDK12,9871.0,6.303287696475734e-33,2.659848874117233e-32
1958,SETD2;KMT2A,311.0,6.1152014818361705e-31,1.964139063310948e-30
1959,SETD2;NSD1,3989.0,0.009635350892852945,0.01085744137127479
1960,MLLT1;TCEA1,807.5,1.2181341018798854e-24,2.691733667581128e-24
1961,MLLT1;BCOR,6313.5,0.0013325715291479382,0.001546982601523438
1962,MLLT1;POLR2A,38.0,7.7015363049974395e-34,4.473362936146412e-33
1963,MLLT1;KMT2A,168.5,3.550624731971102e-32,1.308204592078052e-31
1964,MLLT1;KAT6A,3113.5,3.9922889268088645e-06,5.0208699166853845e-06
1965,MLLT1;SMARCB1,2265.5,2.300747279592719e-11,3.326938325637003e-11
1966,MLLT1;MLLT10,3847.0,0.004835144730378184,0.005496796114535198
1967,CDK4;TSC2,5786.0,0.05089146768358898,0.055995196534378705
1968,CDK4;CCND1,9992.0,2.1334320965660458e-34,2.1750662503861302e-33
1969,CDK4;CDKN1B,9518.5,1.7837852385884422e-28,4.7421244496628125e-28
1970,CDK4;MLH1,850.0,2.1025419024271935e-24,4.584469914692985e-24
1971,CDK4;KRAS,390.5,1.608266785830825e-29,4.578393749449202e-29
1972,CDK4;AKT1,9998.5,2.030534353989976e-34,2.1750662503861302e-33
1973,CDK4;MTOR,9158.5,1.2336575268340011e-24,2.7242941934430083e-24
1974,CDK4;SPOP,5714.0,0.08006134389204458,0.08687347079777272
1975,CDK4;TOP1,9998.0,1.773147693109258e-34,2.1750662503861302e-33
1976,CDK4;SMARCB1,9986.5,1.3111839077835171e-34,2.1750662503861302e-33
1977,CDK4;MDM2,9242.5,1.8073155002233486e-25,4.1173911461910964e-25
1978,CDK4;ATR,6527.0,0.00017734633025150685,0.00021207921015543518
1979,CDK4;PBRM1,9992.0,2.183918342674761e-34,2.1750662503861302e-33
1980,CDK4;CCND3,962.5,5.460076580882266e-23,1.1132757913586497e-22
1981,CDK4;ARID1A,9614.5,1.1979211941214743e-29,3.455772660170129e-29
1982,CDK4;BRCA1,4937.0,0.8745436926928127,0.8845253151730643
1983,CDK4;ATM,9999.0,1.2318199727915926e-34,2.1750662503861302e-33
1984,CDK4;MDM4,9920.5,1.779553917415401e-33,8.785911912268037e-33
1985,CDK4;CHEK2,6813.5,4.638646922112561e-06,5.823161555692339e-06
1986,CDK4;NF1,6177.0,0.003610075396059991,0.004113557721326518
1987,CDK4;POLD1,9967.5,6.196536641418103e-34,3.774273363382712e-33
1988,CDK4;HSP90AA1,9736.0,2.4724047492387757e-31,8.223898761664302e-31
1989,CDK4;SMAD3,8650.0,3.2410782710601414e-19,5.767850929342867e-19
1990,CDK4;CASP8,2917.5,3.189409169602762e-07,4.1329576640971674e-07
1991,CDK4;JUN,0.0,1.55958782935758e-34,2.1750662503861302e-33
1992,CDK4;EZH2,6548.0,0.00011990774986826509,0.00014413954210251275
1993,CDK4;TP53,8935.5,3.747201604185658e-22,7.421391830410105e-22
1994,CDK4;HSP90AB1,9961.0,5.40865152286492e-34,3.417239426512096e-33
1995,CDK4;STAT3,182.5,3.681692922565191e-32,1.3536096532324787e-31
1996,ABL2;PLCG1,9165.0,8.95173850031911e-25,1.99081134215591e-24
1997,ABL2;STAT3,1667.5,2.286955864603841e-16,3.733452748262104e-16
1998,ABL2;ERBB2,1705.0,6.065222825175437e-16,9.781339283157402e-16
1999,ABL2;RAC1,2093.5,1.0888675288069758e-12,1.6199423932659958e-12
2000,ABL2;ABI1,5755.5,0.06319494235372815,0.0689834872945308
2001,ABL2;ETV6,4252.5,0.06645257477021556,0.07240230088457282
2002,ATRX;PALB2,3200.0,5.204854053175454e-06,6.51502195138514e-06
2003,ATRX;KMT2C,7185.5,1.879373060013352e-08,2.524334743647938e-08
2004,ATRX;NBN,9778.0,2.455746467243565e-32,9.316201746206104e-32
2005,ATRX;DAXX,1605.5,1.0342859396501462e-16,1.7045742524706271e-16
2006,ATRX;PML,8943.0,4.0618581553892373e-22,8.030767611570482e-22
2007,ATRX;TP53,6987.5,8.808925714897875e-07,1.130053722000262e-06
2008,ATRX;ATM,51.0,7.627639444747329e-34,4.452892216393035e-33
2009,ATRX;EZH2,8019.0,8.429769306518852e-14,1.2890833063419978e-13
2010,ATRX;ARID1A,6092.0,0.005614247777736768,0.006372032945766264
2011,ATRX;IDH2,8514.0,7.306221635636103e-18,1.238366943244648e-17
2012,ATRX;TRIM24,9935.0,1.2091968639542798e-33,6.419330816937007e-33
2013,ATRX;SMARCB1,9999.0,1.1197605388694348e-34,2.1750662503861302e-33
2014,ATRX;ATR,1387.5,1.4832247956636338e-19,2.678173925712392e-19
2015,ATRX;POT1,5996.5,0.01396268048582195,0.0156519700807657
2016,ATRX;NF1,3035.5,9.363988418110808e-07,1.2008142476063434e-06
2017,ATRX;BRAF,945.5,2.293378186857421e-23,4.746056894478591e-23
2018,ATRX;NSD1,9150.0,1.2174506962476347e-24,2.691733667581128e-24
2019,ATRX;PBRM1,917.0,5.178733993440557e-24,1.1082170081319235e-23
2020,ATRX;BRCA1,2912.0,1.2325662608464384e-07,1.6212217349419051e-07
2021,ATRX;CHEK2,7589.5,1.189640191262539e-10,1.6933264007427244e-10
2022,ATRX;CDK12,9909.5,2.401565764968898e-33,1.1292260249976207e-32
2023,FH;VHL,7775.5,1.0827364830117202e-11,1.5822144969507422e-11
2024,FH;EPAS1,7443.0,2.3051312491506004e-09,3.178983877519743e-09
2025,FH;SDHA,9330.0,1.9847033546945134e-26,4.70448202594255e-26
2026,FH;IDH2,5556.5,0.17294981834416423,0.18442288559007453
2027,FH;SDHC,9783.0,6.445885719318501e-32,2.296595984120076e-31
2028,FH;SDHB,5914.0,0.021668484105212913,0.024172459996002524
2029,FH;SDHD,9999.5,2.041426816004213e-34,2.1750662503861302e-33
2030,FH;COX6C,1745.0,1.7320158372450538e-15,2.7528450863092005e-15
2031,TPM3;MYH9,3800.0,0.0031824288681646584,0.0036298594615105807
2032,TPM3;RANBP2,1338.5,1.835935896370438e-19,3.297814167284945e-19
2033,TPM3;WDCP,7201.0,5.6895730758084206e-08,7.571491932997267e-08
2034,TPM3;NPM1,3341.5,4.935349065051783e-05,6.0121841271832785e-05
2035,TPM3;EML4,8517.5,7.387591588189606e-18,1.2515449278815332e-17
2036,TPM3;TRIM24,8894.0,1.6859316273404097e-21,3.2733593843193573e-21
2037,TPM3;TPR,2869.0,1.764498500460034e-07,2.309888946056772e-07
2038,TPM3;TFPT,312.5,2.182414589871626e-30,6.746354939710501e-30
2039,TPM3;PRKAR1A,5818.5,0.04277359532125543,0.047153284028790675
2040,TPM3;CLTC,90.5,3.080575520879185e-33,1.3916952941383613e-32
2041,CDK12;PALB2,10000.0,1.3860183020826844e-34,2.1750662503861302e-33
2042,CDK12;TP53,9933.5,1.4799254888800224e-33,7.49944646564422e-33
2043,CDK12;ATM,8657.5,1.8301716842171613e-19,3.289169703928502e-19
2044,CDK12;ERCC3,9984.5,2.5217173336565647e-34,2.178763776279272e-33
2045,CDK12;ATR,9998.5,1.0625137676341633e-34,2.1750662503861302e-33
2046,CDK12;BRCA1,10000.0,1.413417536764494e-34,2.1750662503861302e-33
2047,CDK12;TCEA1,10000.0,9.118147154337366e-35,2.1750662503861302e-33
2048,CDK12;POLR2A,8281.0,2.326034664847224e-16,3.795455997031164e-16
2049,ARID1A;CCND1,6599.5,7.454436561148375e-05,9.042658039778443e-05
2050,ARID1A;MLH1,7636.5,6.627089683016563e-11,9.51130479422975e-11
2051,ARID1A;MSH2,9803.5,3.791258688559489e-32,1.3909331239555832e-31
2052,ARID1A;KRAS,9828.5,3.4311095644120855e-32,1.269584010129354e-31
2053,ARID1A;KMT2C,9944.5,1.8972434777338253e-34,2.1750662503861302e-33
2054,ARID1A;EP300,9944.5,1.8919630204905938e-34,2.1750662503861302e-33
2055,ARID1A;NCOR1,3376.0,4.641083719025591e-05,5.6616961994184414e-05
2056,ARID1A;TP53,2013.0,1.4355020469230127e-13,2.1807011315015087e-13
2057,ARID1A;ERBB2,245.5,2.3027063629981805e-31,7.6890368990547934e-31
2058,ARID1A;ATM,4266.5,0.06839226931973053,0.07442181447386294
2059,ARID1A;KMT2D,9989.5,5.654601721143677e-35,2.1750662503861302e-33
2060,ARID1A;EZH2,9209.5,9.479265979339861e-26,2.189862515013273e-25
2061,ARID1A;BRCA1,7108.0,1.1848478179252524e-07,1.561126213781804e-07
2062,ARID1A;SMARCD1,2472.0,3.967016912570408e-10,5.575441419212416e-10
2063,ARID1A;PPP2R1A,97.5,4.045472767451727e-33,1.7765125647157775e-32
2064,ARID1A;SMAD4,9626.0,1.4936166922958705e-30,4.675669645447943e-30
2065,ARID1A;FBXW7,4488.5,0.2004495159580143,0.21282750450104376
2066,ARID1A;SMARCE1,1881.0,1.797050875022426e-14,2.7950530261374908e-14
2067,ARID1A;EWSR1,9939.0,4.163452771267516e-34,2.8103306206055734e-33
2068,ARID1A;NF1,7875.0,8.56744852506093e-13,1.2784586400090923e-12
2069,ARID1A;SMARCB1,2987.0,2.5332820485903154e-07,3.2963188102139046e-07
2070,ARID1A;BCL6,8693.0,1.1281692449232065e-19,2.0488454600392023e-19
2071,ARID1A;BRAF,4877.5,0.7616820512258062,0.7758246887817231
2072,ARID1A;ASXL1,9918.5,1.3275704780945685e-33,6.930639837303367e-33
2073,ARID1A;PBRM1,9903.0,2.84437759601013e-34,2.2581884895286096e-33
2074,PICALM;MLLT10,4447.0,0.1726022117400916,0.1841090258560977
2075,PICALM;EPS15,8710.0,3.400383565939664e-20,6.280986426449749e-20
2076,PICALM;CLTC,5071.5,0.8613417589722758,0.8721937061260432
2077,KTN1;RAC1,8791.5,1.2144445396845716e-20,2.2885061772900105e-20
2078,KTN1;RHOA,3588.5,0.0005625302494958005,0.0006610352064799343
2079,PML;RARA,0.0,1.1122738461799596e-34,2.1750662503861302e-33
2080,PML;MDM2,3482.0,0.00018680139831548406,0.00022300021850718926
2081,PML;SMAD2,9993.0,2.3052188618924474e-34,2.1750662503861302e-33
2082,PML;EP300,9620.0,8.65326479851698e-30,2.527952928459398e-29
2083,PML;KAT6A,2772.5,4.2359410461077224e-08,5.647921394810297e-08
2084,PML;DAXX,102.0,3.416397029600502e-33,1.5353794713003038e-32
2085,PML;NCOR1,9240.0,2.1069103524356177e-25,4.784153862035147e-25
2086,PML;NPM1,1843.5,1.1581760885831946e-14,1.8111568154495568e-14
2087,PML;AKT1,185.0,2.4425152122010585e-32,9.276189641062482e-32
2088,PML;NCOR2,7472.0,9.49118034614401e-10,1.3221087979151028e-09
2089,PML;RANBP2,9877.5,8.589460607327908e-33,3.508886035333954e-32
2090,PML;SMAD3,2999.5,6.802395536327128e-07,8.752449357239968e-07
2091,PML;TP53,6284.5,0.0016390070033130723,0.001894450904163872
2092,PML;EZH2,9811.5,5.017657666321513e-32,1.8120193202515307e-31
2093,PML;JUN,6090.0,0.007442726239440835,0.008414151744686793
2094,PML;BRCA1,3541.5,0.00034761694348553647,0.00041184921381076927
2095,HNRNPA2B1;DDX5,63.5,5.381950544372607e-34,3.41284790483518e-33
2096,HNRNPA2B1;VHL,9919.5,2.1959839919493248e-33,1.0424891038704488e-32
2097,HNRNPA2B1;NONO,10000.0,1.342882391267119e-34,2.1750662503861302e-33
2098,HNRNPA2B1;NPM1,9944.0,1.1932412231217082e-33,6.354147406947032e-33
2099,HNRNPA2B1;PCBP1,8183.5,6.055841786467739e-15,9.51317691546932e-15
2100,HNRNPA2B1;PABPC1,10000.0,2.3543240828520817e-34,2.1750662503861302e-33
2101,HNRNPA2B1;RBM10,643.5,2.6465144121535465e-27,6.589592080981742e-27
2102,HNRNPA2B1;HSP90AA1,9823.0,2.9739291810095004e-32,1.1171629619096557e-31
2103,HNRNPA2B1;SF3B1,5343.0,0.3995518966712257,0.4166721046758467
2104,HNRNPA2B1;RBM15,6356.5,0.0008704168862252741,0.0010176457235434868
2105,HNRNPA2B1;DICER1,3151.0,5.703201883587597e-06,7.131065741562495e-06
2106,HNRNPA2B1;DROSHA,7085.0,2.9759851585232895e-07,3.860737502949132e-07
2107,HNRNPA2B1;HSP90AB1,9998.5,1.8632796979961837e-34,2.1750662503861302e-33
2108,HNRNPA2B1;SRSF2,5897.0,0.027844351604268278,0.030892481266244356
2109,HNRNPA2B1;EWSR1,1569.0,2.083367926574356e-17,3.488430016589619e-17
2110,HNRNPA2B1;BRCA1,8712.5,7.051899577385706e-20,1.2874466423372953e-19
2111,TBL1XR1;EP300,8771.0,1.2286186545333615e-20,2.3139542616170558e-20
2112,TBL1XR1;NCOR1,9675.0,7.015534594365494e-31,2.232303383712407e-30
2113,TBL1XR1;EZH2,8720.5,5.65250919490418e-20,1.0379953123054646e-19
2114,TBL1XR1;NCOR2,9666.0,2.4829456487603992e-30,7.654826192788528e-30
2115,TBL1XR1;BCL6,949.5,2.5555073891982576e-23,5.266448143750255e-23
2116,TBL1XR1;NCOA2,9996.5,9.193412226504554e-35,2.1750662503861302e-33
2117,PMS1;MLH1,6075.0,0.00827706297239357,0.009342106346372364
2118,PMS1;MSH2,7304.0,1.2659107931730341e-08,1.707645472758004e-08
2119,PMS1;PALB2,9647.5,5.331373292252435e-30,1.5856476848558017e-29
2120,PMS1;PMS2,8715.5,6.345732211508179e-20,1.1617137291447647e-19
2121,PMS1;TP53,5629.0,0.1193391947600359,0.12872542356138703
2122,PMS1;ATM,2647.0,8.411091137359921e-09,1.1390568562192746e-08
2123,PMS1;ERCC3,6001.5,0.013791315348287352,0.015464888333446168
2124,PMS1;CHEK2,8528.0,5.321529412977104e-18,9.077594102294606e-18
2125,PMS1;BRAF,8471.5,3.7753455327679e-18,6.4848877540983414e-18
2126,PMS1;ERCC5,3353.0,3.366352191845476e-05,4.124109597666773e-05
2127,PMS1;POLD1,9782.0,1.37973175252953e-31,4.749355514683323e-31
2128,PMS1;BRCA1,9417.5,3.240407122291628e-27,8.016354341188165e-27
2129,MTOR;MAPK1,5889.5,0.026196129780831516,0.029119917826488814
2130,MTOR;TSC2,9547.5,6.562896124182638e-29,1.7859345673366297e-28
2131,MTOR;CCND1,8191.0,4.588215246009133e-15,7.240580771784276e-15
2132,MTOR;KRAS,7283.5,2.2833339607974457e-08,3.0609783431016184e-08
2133,MTOR;SMAD2,7.5,2.8397608719113206e-34,2.2581884895286096e-33
2134,MTOR;EP300,6580.5,9.490721763581382e-05,0.00011452491066668036
2135,MTOR;EPAS1,8511.5,1.2429772903195267e-18,2.1706566525236406e-18
2136,MTOR;STAT3,3.5,2.0143384256721544e-34,2.1750662503861302e-33
2137,MTOR;TP53,115.5,6.462348630273611e-33,2.7137152935875575e-32
2138,MTOR;ERBB2,6511.0,0.00018437328472331032,0.00022017763372624756
2139,MTOR;FLCN,9547.0,5.081736321783942e-29,1.3960636508811848e-28
2140,MTOR;PRKACA,11.0,2.1580951445434076e-34,2.1750662503861302e-33
2141,MTOR;SMAD3,9711.0,2.5125144404869346e-31,8.325263572696881e-31
2142,MTOR;HSP90AA1,850.5,1.7565499763430856e-24,3.844608434605259e-24
2143,MTOR;NF1,9965.0,3.3465197429263942e-34,2.414524474228313e-33
2144,MTOR;CASP8,2.5,2.1407764789329476e-34,2.1750662503861302e-33
2145,MTOR;KDM5C,9499.0,1.1629645179211656e-28,3.1205010667201463e-28
2146,MTOR;BRAF,9720.0,5.140933161728948e-31,1.6651419875290764e-30
2147,MTOR;AKT1,3114.5,3.1257264976563407e-06,3.93390778437739e-06
2148,MTOR;SGK1,9996.0,1.5261197634481404e-34,2.1750662503861302e-33
2149,MTOR;RHOA,0.0,2.4344426758350097e-34,2.1750662503861302e-33
2150,MTOR;AKT2,9674.5,1.777152247197505e-30,5.533187537220339e-30
2151,MTOR;CREB1,3.0,1.8480086721626694e-34,2.1750662503861302e-33
2152,MTOR;CLIP1,381.5,1.1148187453488734e-29,3.22681204683895e-29
2153,MTOR;FBXW7,4735.5,0.5154470848027659,0.5311225775427426
2154,MTOR;HSP90AB1,7735.5,1.148365266634592e-11,1.6774092821171385e-11
2155,MTOR;JUN,628.5,9.490992069467808e-27,2.2905634491676497e-26
2156,MTOR;SRC,9997.0,2.310391897654487e-34,2.1750662503861302e-33
2157,MTOR;PIK3CB,790.0,7.063569780638342e-25,1.5780024021904402e-24
2158,MTOR;AKT3,9042.5,2.2866772525960748e-23,4.7378636600551764e-23
2159,MTOR;IKBKB,9810.0,6.941891722359772e-33,2.897485240637122e-32
2160,KLF6;CCND1,2963.5,5.815348925272022e-07,7.488020076654288e-07
2161,KLF6;TP53,9997.5,1.8712330767341715e-34,2.1750662503861302e-33
2162,KLF6;JUN,4753.0,0.5449679293787011,0.5610393696552848
2163,SDHC;TMEM127,9499.0,2.879540280786955e-28,7.539160007878574e-28
2164,SDHC;SDHA,9996.0,1.1304571970354165e-34,2.1750662503861302e-33
2165,SDHC;TP53,6570.0,0.0001103065990822446,0.0001327828653529214
2166,SDHC;IDH2,1461.0,4.669662796863232e-18,7.97349536855698e-18
2167,SDHC;NF1,7578.0,2.1085433476337312e-10,2.9853034860394e-10
2168,SDHC;SDHB,9654.5,1.952586819242765e-31,6.577134549028261e-31
2169,SDHC;SDHD,9992.5,7.260594920202104e-35,2.1750662503861302e-33
2170,SDHC;AKT1,9495.0,4.048899258439239e-28,1.0465965472824241e-27
2171,AKT2;MAPK1,8979.0,7.92846619870648e-23,1.6061418043803984e-22
2172,AKT2;TSC2,9814.5,4.3025766211828445e-32,1.5660952772527267e-31
2173,AKT2;CCND1,148.5,1.527243337973838e-32,6.018418444740688e-32
2174,AKT2;CDKN1B,10000.0,1.1167661830328242e-34,2.1750662503861302e-33
2175,AKT2;KRAS,9103.5,1.0966578014567452e-23,2.3095974173275512e-23
2176,AKT2;MDM2,8830.0,3.0288441751861088e-21,5.815380816357329e-21
2177,AKT2;TP53,1579.0,5.070503249860998e-17,8.424836168999812e-17
2178,AKT2;PPP2R1A,5577.0,0.15684188556421924,0.16776402244195038
2179,AKT2;CREB3L2,2734.5,2.6182446370426903e-08,3.5045133484196504e-08
2180,AKT2;HSP90AA1,1350.5,3.0028249632320433e-19,5.346606426032943e-19
2181,AKT2;RAC1,1938.0,6.94464284727519e-14,1.0638601808591781e-13
2182,AKT2;SGK1,9991.5,1.1003213591393108e-34,2.1750662503861302e-33
2183,AKT2;JUN,7162.0,1.133576940373456e-07,1.494712669183771e-07
2184,AKT2;HSP90AB1,1321.0,1.4459931315701924e-19,2.612311689862303e-19
2185,AKT2;SRC,9947.5,1.0497236876071095e-33,5.758484229159001e-33
2186,AKT2;LYN,9789.5,5.808765373277929e-32,2.0824785404614653e-31
2187,AKT2;MYO5A,47.5,5.873192034922663e-34,3.65067476127567e-33
2188,AKT2;AKT1,3548.5,0.0003332854428878733,0.0003954117715827292
2189,AKT2;PIK3CB,10000.0,7.399582650685144e-35,2.1750662503861302e-33
2190,AKT2;AKT3,9969.0,2.851721365727693e-35,2.1750662503861302e-33
2191,AKT2;CREB1,9998.0,1.651810422072337e-34,2.1750662503861302e-33
2192,AKT2;IKBKB,6862.5,2.3362557309424314e-06,2.9532186562315448e-06
2193,AKT2;BRCA1,4245.5,0.0629500430036834,0.06875959185231663
2194,DEK;EP300,7353.5,7.511167463762692e-09,1.0191831470264571e-08
2195,DEK;DAXX,4316.0,0.09124049296189737,0.09878669914671595
2196,DEK;NPM1,3946.5,0.008470152763007773,0.009556920649348634
2197,DEK;SF3B1,5291.5,0.47603812629944586,0.4922764106794988
2198,DEK;NUP214,8471.0,1.4513602184589623e-17,2.436085922775218e-17
2199,DEK;TOP1,9873.5,5.826218404628524e-33,2.4827880155852255e-32
2200,DEK;SPOP,9969.5,4.859548281946923e-34,3.1509566345982295e-33
2201,DEK;KMT2A,5826.0,0.041770036156713375,0.046061660803318895
2202,ERBB2;CCND1,3045.5,1.1012690055890526e-06,1.408059816247046e-06
2203,ERBB2;CDKN1B,0.5,1.879972078781306e-34,2.1750662503861302e-33
2204,ERBB2;MLH1,346.0,4.72596153852586e-30,1.4128826191302225e-29
2205,ERBB2;MSH2,1936.0,4.5908292461399475e-14,7.05151372207096e-14
2206,ERBB2;PLCG1,2020.0,1.0271980291556602e-13,1.567327323956716e-13
2207,ERBB2;KRAS,9991.5,2.7997397560909274e-34,2.2581884895286096e-33
2208,ERBB2;MDM2,6580.0,9.036386924372236e-05,0.00010919494129591065
2209,ERBB2;EP300,6046.0,0.009812834945818867,0.011050230554822418
2210,ERBB2;CBL,71.5,1.1622098781660635e-33,6.200690458168583e-33
2211,ERBB2;STAT3,4436.0,0.16151563478611075,0.17270978769207881
2212,ERBB2;TP53,430.5,3.768341908105794e-29,1.0460553923223794e-28
2213,ERBB2;RANBP2,2817.5,8.964882330603256e-08,1.1870740741212587e-07
2214,ERBB2;RHOA,7157.5,1.2328040276120737e-07,1.6212217349419051e-07
2215,ERBB2;TFRC,2308.5,4.636049202560248e-11,6.667576381210244e-11
2216,ERBB2;PTPN11,9484.5,2.4818006064836703e-28,6.537425987810643e-28
2217,ERBB2;PTPRC,161.5,2.2531097915800217e-32,8.632757693681325e-32
2218,ERBB2;NF2,9997.5,1.877413898599481e-34,2.1750662503861302e-33
2219,ERBB2;HLA-A,403.0,2.6949912373744817e-29,7.535509479260686e-29
2220,ERBB2;EML4,1.0,1.944975960429903e-34,2.1750662503861302e-33
2221,ERBB2;ATM,14.5,2.8830020432336304e-34,2.2581884895286096e-33
2222,ERBB2;BRCA1,4565.0,0.28477780140958564,0.2999671080986065
2223,ERBB2;EZR,637.0,1.1508887061875925e-26,2.7602160781292987e-26
2224,ERBB2;FGFR1,348.5,3.860771035770211e-30,1.1642953490071423e-29
2225,ERBB2;HSP90AB1,9778.5,6.668772800707864e-32,2.366250390066363e-31
2226,ERBB2;JUN,2800.0,6.234131716321179e-08,8.286599696771536e-08
2227,ERBB2;SMAD4,5240.0,0.5523818111333036,0.5683332954083649
2228,ERBB2;SRC,9964.5,1.945891612635608e-34,2.1750662503861302e-33
2229,ERBB2;PIK3CB,4707.5,0.47310996549337336,0.48968794272090393
2230,ERBB2;FBXW7,4439.0,0.1652637022995117,0.17655374193110124
2231,ERBB2;HSP90AA1,2961.5,5.390263813735159e-07,6.948434069477327e-07
2232,ERBB2;NF1,6407.0,0.0005287805033746147,0.0006215868774362819
2233,BRD3;NPM1,6539.0,0.0001635246216775356,0.0001956859738634221
2234,BRD3;SMARCD1,9381.0,5.227934500386187e-27,1.2795851015109535e-26
2235,BRD3;PBRM1,9352.5,1.1107455591282733e-26,2.6694969765975745e-26
2236,BRD3;SPOP,420.5,3.096701882444853e-29,8.630807827201139e-29
2237,PIK3CB;MAPK1,9997.0,7.464370878125918e-35,2.1750662503861302e-33
2238,PIK3CB;PLCG1,3561.0,0.0004126294076991164,0.0004875375155583406
2239,PIK3CB;KRAS,9974.0,4.5086199476408725e-34,3.0022717801631706e-33
2240,PIK3CB;CBL,9999.5,8.651395404083257e-35,2.1750662503861302e-33
2241,PIK3CB;STAT3,239.0,2.2832140435574904e-31,7.631322760671844e-31
2242,PIK3CB;ARAF,9176.0,1.540286071263519e-24,3.381975007806049e-24
2243,PIK3CB;EML4,9999.0,1.2303346172705627e-34,2.1750662503861302e-33
2244,PIK3CB;RAC1,8175.5,7.519707354647561e-15,1.1802047510291539e-14
2245,PIK3CB;SRC,7878.0,1.8603452506067943e-12,2.761749650385344e-12
2246,PIK3CB;FGFR1,9985.0,2.5178862595338832e-34,2.178763776279272e-33
2247,PIK3CB;RHOA,9634.5,9.800627085056935e-30,2.848693625395859e-29
2248,PIK3CB;LYN,4995.0,0.9911166073998364,0.9919776991525731
2249,PIK3CB;AKT1,7756.0,1.5447375575693627e-11,2.2478370521935653e-11
2250,PIK3CB;PTPN11,7650.0,1.7167609518048332e-11,2.4950066650283865e-11
2251,PIK3CB;AKT3,9624.5,3.498489891476017e-30,1.0596652992936998e-29
2252,KNSTRN;BUB1B,319.0,1.2794221316813225e-30,4.023369324013331e-30
2253,CRTC3;CRTC1,9329.5,1.3457624507148047e-26,3.211985517728153e-26
2254,CRTC3;CREB1,1232.0,1.7018205703035913e-20,3.182625482126197e-20
2255,RABEP1;TSC2,684.0,3.829449859107174e-26,8.969953197259754e-26
2256,RABEP1;TRIP11,7222.0,4.875038344264524e-08,6.49253661571414e-08
2257,STAT5B;MAPK1,9487.0,3.4733099595097374e-28,9.038975316314498e-28
2258,STAT5B;CCND1,488.0,2.443078199151382e-28,6.445250577303187e-28
2259,STAT5B;RARA,164.0,2.319308650846175e-32,8.847164125082097e-32
2260,STAT5B;EP300,9696.0,6.160090173503902e-31,1.9767197436981882e-30
2261,STAT5B;STAT3,1540.0,1.8658627283386516e-17,3.1272655621427647e-17
2262,STAT5B;TP53,9753.0,2.016576459249277e-31,6.772874871880954e-31
2263,STAT5B;CALR,8806.5,1.0082212408207708e-20,1.9040506056156198e-20
2264,STAT5B;NUMA1,9338.5,7.890880758624884e-27,1.911064043574464e-26
2265,STAT5B;CREB1,8908.5,5.91215825464136e-22,1.1642403947601448e-21
2266,STAT5B;SRC,2494.0,8.6996375973261e-10,1.2133150741064973e-09
2267,STAT5B;EZH2,9983.0,2.182947864668623e-34,2.1750662503861302e-33
2268,STAT5B;AKT1,3134.5,4.688648284993912e-06,5.88165824789073e-06
2269,STAT5B;PTPN11,9912.5,1.1216762920712586e-33,6.06653093176568e-33
2270,STAT5B;BCL6,8.0,6.500913365918157e-35,2.1750662503861302e-33
2271,STAT5B;NCOR2,93.0,1.054500524326166e-33,5.775521096784833e-33
2272,STAT5B;STAT6,9028.0,1.8334245309139523e-23,3.821661748394825e-23
2273,STAT5B;ETV6,10000.0,1.3946941734953669e-34,2.1750662503861302e-33
2274,STAT5B;NPM1,9194.0,9.625214212916344e-25,2.1378367814806484e-24
2275,STAT5B;SND1,8891.0,1.2608171204661849e-21,2.459020298155268e-21
2276,STAT5B;PTPRC,3379.5,6.30061470334542e-05,7.648375277401396e-05
2277,STAT5B;LYN,8040.5,1.9171092276996347e-14,2.977766063339298e-14
2278,COL1A1;ZNF384,9996.0,2.4521360380832175e-34,2.1750662503861302e-33
2279,COL1A1;ITGAV,8767.0,1.8503853993972656e-20,3.456719967738892e-20
2280,COL1A1;AKT1,327.5,2.846599322474787e-30,8.744753118642547e-30
2281,COL1A1;SMAD2,9967.0,5.328991668260996e-34,3.397899782620227e-33
2282,COL1A1;SMAD3,10000.0,1.6042610995350505e-34,2.1750662503861302e-33
2283,COL1A1;SMAD4,9831.5,2.5042883008836833e-32,9.479540381001105e-32
2284,COL1A1;JUN,100.0,3.505219385520889e-33,1.5712111798132545e-32
2285,CHEK2;MAPK1,2340.0,7.01759539201517e-11,1.004673143115345e-10
2286,CHEK2;CCND1,9954.5,9.141417245320188e-34,5.112093527480027e-33
2287,CHEK2;MLH1,5061.0,0.8809826639672631,0.8905165506495646
2288,CHEK2;MSH2,9911.0,1.384666925575694e-33,7.121144188674998e-33
2289,CHEK2;MDM2,10000.0,1.628129594470425e-34,2.1750662503861302e-33
2290,CHEK2;PALB2,8395.5,6.693260389820821e-17,1.1099763871027235e-16
2291,CHEK2;STAT3,6277.5,0.0015983639597833598,0.001849329040847436
2292,CHEK2;NBN,9565.0,1.142580162601512e-29,3.3043991982852094e-29
2293,CHEK2;PMS2,8314.5,4.2045429807127317e-16,6.818817710625622e-16
2294,CHEK2;TP53,4612.0,0.3379408302531287,0.3543457249256107
2295,CHEK2;ATM,3050.5,1.459377391246796e-06,1.8597375605268905e-06
2296,CHEK2;BUB1B,9982.5,2.4631425994058848e-34,2.1750662503861302e-33
2297,CHEK2;PPM1D,10000.0,1.6653882389931308e-34,2.1750662503861302e-33
2298,CHEK2;PPP2R1A,2232.5,1.3079487558973423e-11,1.9080924020182416e-11
2299,CHEK2;ATR,8473.5,4.231286271858372e-18,7.253633608900066e-18
2300,CHEK2;NF1,8566.0,1.6249420133834114e-18,2.8191765051471236e-18
2301,CHEK2;MDM4,10000.0,1.1998188093516288e-34,2.1750662503861302e-33
2302,CHEK2;BRCA1,8273.0,5.993027582261981e-16,9.669422653733618e-16
2303,CHEK2;RAD17,9951.5,7.500752992309096e-34,4.3936614138000405e-33
2304,CHEK2;UBR5,9990.5,1.9086792278496897e-34,2.1750662503861302e-33
2305,CHEK2;POLD1,8782.0,2.2743766589756675e-20,4.2350461925753806e-20
2306,PRPF40B;ZRSR2,9559.0,6.582397889590133e-29,1.7884250869829796e-28
2307,PRPF40B;SF3B1,9912.0,2.7537896658940745e-33,1.265571420921532e-32
2308,PRPF40B;SRSF2,8502.5,1.0729057608386258e-17,1.806119001197414e-17
2309,FBXW7;KRAS,4230.5,0.059846333351736426,0.0654936440986704
2310,FBXW7;MDM2,4386.5,0.12570195428690573,0.13546178796867672
2311,FBXW7;EP300,5840.0,0.038525470762936075,0.042551622549283186
2312,FBXW7;CUL3,417.0,1.890070243382718e-29,5.33666892249238e-29
2313,FBXW7;STAT3,3788.0,0.0028435676455040066,0.003251942350384463
2314,FBXW7;TP53,5223.5,0.5815570462678485,0.5976393553082618
2315,FBXW7;ATM,1140.5,2.367399124473883e-21,4.565698311485346e-21
2316,FBXW7;NPM1,1907.0,3.3617156580060456e-14,5.1774016551109146e-14
2317,FBXW7;KMT2D,4135.0,0.02646185402303254,0.02939638942577964
2318,FBXW7;EZH2,7771.0,5.198299052280804e-12,7.654589486443315e-12
2319,FBXW7;PPP2R1A,2394.0,1.8282743926943235e-10,2.5916801891515926e-10
2320,FBXW7;SMAD4,7406.0,2.9153938220911703e-09,4.009391583425024e-09
2321,FBXW7;GNAS,9952.5,6.408488713166117e-34,3.865224606056213e-33
2322,FBXW7;JUN,9992.5,2.711309043419534e-34,2.2470705165606498e-33
2323,FBXW7;BRAF,3920.0,0.007519163563859181,0.008497785898200567
2324,FBXW7;KMT2A,1396.0,4.810836269683322e-19,8.517546182390144e-19
2325,FBXW7;AKT1,5339.0,0.40638417469614374,0.42328622897826185
2326,FBXW7;PTPN11,8103.0,1.7984812409431956e-14,2.7960194191181666e-14
2327,CHIC2;FIP1L1,9532.0,1.252686548447844e-28,3.35083955993479e-28
2328,CHIC2;ETV6,9953.5,7.60437080753522e-34,4.4468198833911544e-33
2329,NT5C2;GMPS,9479.0,4.466018957986385e-28,1.1518329491642498e-27
2330,NUP214;SMAD2,8532.5,3.0906999410235412e-18,5.332730402484951e-18
2331,NUP214;RANBP2,8662.0,1.8169917228162504e-19,3.267181786708096e-19
2332,NUP214;NPM1,9016.0,7.977434695090245e-23,1.6151150735929636e-22
2333,NUP214;MLLT10,3060.5,1.6948461990282768e-06,2.153451641118281e-06
2334,NUP214;NUP98,6152.5,0.004071349440610155,0.004634579600378359
2335,NUP214;SMAD3,8542.5,3.615629989280829e-18,6.2167249964947986e-18
2336,NUP214;SMAD4,9958.0,3.2003028596401158e-34,2.360247806921429e-33
2337,NUP214;SRSF2,83.5,3.049635981413074e-33,1.3795211978748146e-32
2338,NUP214;TPR,9861.0,7.215373437499862e-33,3.000761805054094e-32
2339,NUP214;ETV6,1116.5,1.9903907277691603e-21,3.851506357878061e-21
2340,NUP214;XPO1,5312.0,0.43658128544512365,0.4536454968425578
2341,BRCA1;DDX5,9100.5,5.992856893083822e-24,1.2761129650337455e-23
2342,BRCA1;CCND1,9998.5,1.5127847154359318e-34,2.1750662503861302e-33
2343,BRCA1;MLH1,7317.0,1.279775525795924e-08,1.7256746848032435e-08
2344,BRCA1;MSH2,84.5,1.3010163109141306e-33,6.812594500786721e-33
2345,BRCA1;KRAS,9581.0,3.7716533466635615e-29,1.0461343471965706e-28
2346,BRCA1;MDM2,378.0,6.449951326310913e-30,1.910114120285391e-29
2347,BRCA1;PALB2,9592.5,2.534062450720021e-29,7.10853882279902e-29
2348,BRCA1;EP300,4193.5,0.041473859702579025,0.045749651813633295
2349,BRCA1;CUL3,8498.0,6.61596126145549e-18,1.1241279311499595e-17
2350,BRCA1;STAT3,4269.0,0.07017140689537814,0.07626175541837323
2351,BRCA1;NBN,9491.0,5.371639531448071e-29,1.4710290190716746e-28
2352,BRCA1;PMS2,9166.5,2.011397142406497e-24,4.394050900225571e-24
2353,BRCA1;TP53,6831.5,4.3378207164855265e-06,5.45145759860872e-06
2354,BRCA1;ATM,4875.0,0.7546411480626004,0.7691064015642427
2355,BRCA1;ERCC3,8955.0,3.4770757744157417e-22,6.8903519933376165e-22
2356,BRCA1;BUB1B,390.5,1.1503978513492466e-29,3.3242265671095283e-29
2357,BRCA1;NPM1,8441.0,1.741481532062954e-17,2.9202135734156085e-17
2358,BRCA1;EZH2,46.0,2.9882075272579195e-34,2.2884708690149177e-33
2359,BRCA1;SMAD3,5055.5,0.891061282816342,0.8991263630403732
2360,BRCA1;HSP90AA1,7576.5,1.4832015446742158e-10,2.107707458221254e-10
2361,BRCA1;SMARCB1,5072.0,0.8573698637678134,0.868680811838629
2362,BRCA1;ATR,569.5,2.638925487003791e-28,6.935457401585629e-28
2363,BRCA1;POT1,6947.5,1.6812855073690643e-06,2.1377934928136444e-06
2364,BRCA1;NF1,8152.0,1.5426191726071602e-15,2.457949221083608e-15
2365,BRCA1;TOP1,9446.5,1.1100596902652487e-27,2.818784929872667e-27
2366,BRCA1;MDM4,7081.0,1.8361559496516125e-07,2.4017575021752157e-07
2367,BRCA1;JUN,87.0,3.0288264847647765e-33,1.371903582090048e-32
2368,BRCA1;HSP90AB1,8243.5,8.911108940253829e-16,1.4304130282172425e-15
2369,BRCA1;SRC,9946.5,1.1354410864959447e-33,6.112280988987515e-33
2370,BRCA1;BCOR,9838.5,1.9749839241286685e-32,7.617795135924864e-32
2371,BRCA1;STAG1,3189.0,7.896142885285022e-06,9.83035656035484e-06
2372,BRCA1;MAP3K1,2862.0,1.404175399862608e-07,1.8437804642572844e-07
2373,BRCA1;XPO1,9995.5,6.820970510365104e-35,2.1750662503861302e-33
2374,BRCA1;CREB1,7810.0,4.33395455087681e-12,6.389994423135775e-12
2375,BRCA1;NCOA2,8933.5,2.5019661954665386e-22,4.989495194190627e-22
2376,BRCA1;EWSR1,1000.5,2.5218296704967402e-23,5.203249755962229e-23
2377,BRCA1;BAP1,0.0,1.937004818944909e-34,2.1750662503861302e-33
2378,BRCA1;POLR2A,7957.5,1.8728613383413918e-13,2.840109164242146e-13
2379,BRCA1;POLD1,9655.5,5.320176995446893e-30,1.5836805939934938e-29
2380,BRCA1;AKT3,566.0,1.3991930007166432e-27,3.5296430733406706e-27
2381,BRCA1;IKBKB,9441.0,9.502856091656724e-28,2.4183999007927565e-27
2382,BRCA1;RAD17,8850.5,2.448785263022559e-21,4.717392346157171e-21
2383,BRCA1;ERCC5,129.0,1.0089140612577097e-32,4.0638776173737115e-32
2384,BRCA1;AKT1,2012.5,2.2710099362055618e-13,3.4288380688188826e-13
2385,BRCA1;DROSHA,2961.5,3.179437395147532e-07,4.1215812594260577e-07
2386,BRCA1;BRAF,9823.5,1.5776942041170298e-32,6.174984336838568e-32
2387,BCL6;BCL3,8134.5,1.3363630665850987e-14,2.0850883783828897e-14
2388,BCL6;CCND1,0.0,1.9631167298788836e-34,2.1750662503861302e-33
2389,BCL6;CDKN1B,6709.5,2.3852091080931925e-05,2.93146610155408e-05
2390,BCL6;RARA,0.0,1.962671313443009e-34,2.1750662503861302e-33
2391,BCL6;EP300,3640.0,0.000789596722509373,0.0009244059190353635
2392,BCL6;CUL3,7334.5,1.030757123426848e-08,1.3936997725208086e-08
2393,BCL6;STAT3,26.0,1.269757876853423e-34,2.1750662503861302e-33
2394,BCL6;LEF1,1197.5,1.2820680989628563e-20,2.413304656871259e-20
2395,BCL6;NCOR1,2163.0,2.491302803694548e-12,3.688921375136401e-12
2396,BCL6;TP53,4209.5,0.05240611038110405,0.0576067167548014
2397,BCL6;STAT6,9380.5,4.246742336293234e-27,1.0438649725625475e-26
2398,BCL6;EZH2,8541.0,4.143931475998845e-18,7.107408030298764e-18
2399,BCL6;HSP90AA1,1244.5,3.835719632536055e-20,7.069998426690457e-20
2400,BCL6;JUN,7447.0,1.540827240390097e-09,2.1319463513666996e-09
2401,BCL6;BCOR,4791.0,0.6061496615361383,0.6221720315618929
2402,BCL6;NCOR2,730.0,8.43489927150591e-26,1.9551315816448306e-25
2403,BCL6;PTPRC,1899.0,2.4500556555734484e-14,3.79193566756016e-14
2404,RBM15;NCOR1,6458.5,0.0002864648890245517,0.00034056506930473017
2405,RBM15;THRAP3,6257.0,0.0016908765940213926,0.0019537510895813884
2406,RBM15;KMT2A,9771.0,1.0995976550363111e-31,3.8193060259351667e-31
2407,RBM15;NCOR2,4028.0,0.016018422899118225,0.017921550514520098
2408,TOP1;MSH2,8856.0,3.2171525558821806e-21,6.1666551487125995e-21
2409,TOP1;TP53,9979.0,3.7522888299771062e-34,2.6197798376567434e-33
2410,TOP1;NONO,10000.0,8.485039696671988e-35,2.1750662503861302e-33
2411,TOP1;ATM,157.5,2.0746467143366582e-32,7.966643383052767e-32
2412,TOP1;NPM1,9506.0,2.6533752682193996e-28,6.962843528448174e-28
2413,TOP1;NUP98,6156.5,0.004530870406871424,0.00515257917938389
2414,TOP1;JUN,2.0,2.339911872527426e-34,2.1750662503861302e-33
2415,EZR;MYH9,9430.5,1.684154982936931e-27,4.236127817343547e-27
2416,EZR;PRKACA,869.0,4.107068933008603e-24,8.843632543599834e-24
2417,EZR;LASP1,555.0,1.6763285722113504e-27,4.219513143162729e-27
2418,EZR;HSP90AA1,9694.5,1.6675247752761473e-30,5.210637995799607e-30
2419,EZR;HSP90AB1,8999.0,1.421157313827327e-22,2.852218162942649e-22
2420,EZR;SRC,9675.5,2.9487003738074672e-30,9.042332290930441e-30
2421,EZR;RAC1,7155.0,1.3375277955862605e-07,1.756935029093925e-07
2422,EZR;CLTC,2.5,2.4206243839772942e-34,2.1750662503861302e-33
2423,EZR;NF2,2601.0,4.071246593059124e-09,5.5701616095060694e-09
2424,EZR;RHOA,220.5,1.054441199557543e-31,3.6735370823295047e-31
2425,RANBP2;MDM2,9759.5,1.9856506017965037e-31,6.681994624935459e-31
2426,RANBP2;TP53,8781.0,1.5661156731367188e-20,2.9351929318657816e-20
2427,RANBP2;BUB1B,7253.0,2.634823175472483e-08,3.525338325370848e-08
2428,RANBP2;CLTC,5922.0,0.02211365648415004,0.024661115459574875
2429,RANBP2;TPR,160.0,2.621136998324798e-33,1.2159261028470472e-32
2430,RANBP2;XPO1,9818.0,1.531534527128361e-32,6.028454812933502e-32
2431,RANBP2;BIRC6,6911.5,2.276638984656549e-06,2.8789112078203563e-06
2432,RANBP2;NUP98,6598.5,6.11458679790953e-05,7.430383956953352e-05
2433,RANBP2;NPM1,1258.0,3.2371530527910117e-20,5.985875307889639e-20
2434,RANBP2;PRKAR1A,3972.0,0.00784622756870204,0.008861621724651715
2435,RANBP2;EML4,9627.5,2.6784198755860265e-30,8.242759652738475e-30
2436,RANBP2;B2M,10000.0,2.4109349126228204e-34,2.1750662503861302e-33
2437,HSP90AB1;MAPK1,9164.0,1.3747889158700846e-24,3.024360594046475e-24
2438,HSP90AB1;MYH9,6905.5,3.1246968744636898e-06,3.93390778437739e-06
2439,HSP90AB1;TSC2,4299.5,0.08440658348570285,0.09150224357797648
2440,HSP90AB1;DDX5,3436.0,0.00012594111945250208,0.00015133953714459222
2441,HSP90AB1;CCND1,3849.0,0.003759939250419252,0.004282910365672029
2442,HSP90AB1;DNAJB1,5184.5,0.6518874186408496,0.6665452422552592
2443,HSP90AB1;KRAS,5429.5,0.2929267474389987,0.30836272895192796
2444,HSP90AB1;MDM2,319.5,7.45629095404379e-31,2.368468891284498e-30
2445,HSP90AB1;EP300,5357.0,0.3789994321109713,0.39607560851996276
2446,HSP90AB1;EPAS1,1919.5,4.791321432695626e-14,7.349670160406606e-14
2447,HSP90AB1;STAT3,2486.5,6.811713756659207e-10,9.53474392183646e-10
2448,HSP90AB1;NCOR1,914.5,1.4908896240210485e-23,3.115184123710244e-23
2449,HSP90AB1;TP53,9933.0,1.065319615469901e-33,5.8255452390252814e-33
2450,HSP90AB1;ATM,104.5,3.8552982560729014e-33,1.7060065010227843e-32
2451,HSP90AB1;ARAF,5073.5,0.8571477401838783,0.868680811838629
2452,HSP90AB1;NPM1,623.0,2.6218226492428354e-27,6.532818367543792e-27
2453,HSP90AB1;PCBP1,9879.0,8.363371370788794e-33,3.4286846331490005e-32
2454,HSP90AB1;PRKACA,8838.5,5.0100576937649204e-21,9.560883152761769e-21
2455,HSP90AB1;EZH2,9241.0,2.093125194639341e-25,4.7559767736183845e-25
2456,HSP90AB1;EML4,259.0,3.9075223069497682e-31,1.2752027471972048e-30
2457,HSP90AB1;CALR,5190.5,0.6400754159358641,0.6554372259183249
2458,HSP90AB1;HSP90AA1,6756.5,1.225835353669558e-06,1.5644338930140296e-06
2459,HSP90AB1;RAC1,3536.5,0.00030701713638182774,0.0003646224135173872
2460,HSP90AB1;CASP8,3525.5,0.0003066815527898971,0.00036434907062285466
2461,HSP90AB1;JUN,7753.0,1.4835151708420156e-11,2.161479102204893e-11
2462,HSP90AB1;AKT3,3533.5,0.00024217634659632917,0.00028840849546413286
2463,HSP90AB1;SRC,8927.0,2.960098481819884e-22,5.886133689970955e-22
2464,HSP90AB1;MAP3K1,365.5,3.439774246065519e-30,1.0427947188072311e-29
2465,HSP90AB1;POLR2A,0.0,1.86036453023386e-34,2.1750662503861302e-33
2466,HSP90AB1;IKBKB,7565.0,2.8444176110459614e-10,4.018931833105005e-10
2467,HSP90AB1;FGFR1,2008.5,2.2623075940390828e-13,3.417191890296796e-13
2468,HSP90AB1;LYN,5526.5,0.19656200125860612,0.20889245890213493
2469,HSP90AB1;DICER1,45.0,8.505735173153804e-34,4.811099960461464e-33
2470,HSP90AB1;BRAF,2302.5,3.1119055466572803e-11,4.488625028901319e-11
2471,HSP90AB1;AKT1,7696.5,1.488144662776021e-11,2.1673105581769612e-11
2472,MLH1;BRAF,5357.0,0.37980785959969365,0.39680047242338007
2473,MLH1;NBN,6621.0,2.747332248751953e-05,3.3729237128549735e-05
2474,MLH1;ERCC5,2508.5,6.873111123521489e-10,9.61679030076529e-10
2475,MLH1;KRAS,9395.5,6.080693686448147e-27,1.4830541552833305e-26
2476,MLH1;ATM,531.5,7.48511631639992e-28,1.9161897769983796e-27
2477,MLH1;TP53,8616.5,4.633433263495794e-19,8.216082790477918e-19
2478,MLH1;SMAD4,9607.5,1.2659125118086316e-29,3.645828034008859e-29
2479,MLH1;ERCC3,4221.0,0.05580408335637476,0.061205621097947055
2480,MLH1;MSH2,4434.0,0.13073415008885464,0.14049042994623184
2481,MLH1;PMS2,5680.5,0.09045137553612616,0.09796300653489565
2482,MLH1;POLD1,3469.0,0.0001820596539828091,0.00021748985971814318
2483,MLH1;PALB2,7723.5,1.9868683814313056e-11,2.8802924187192082e-11
2484,MLH1;NF1,6563.5,8.765076071117224e-05,0.00010595349038748208
2485,EWSR1;DDX5,66.5,7.3653221439639745e-34,4.3437804316620306e-33
2486,EWSR1;EP300,8696.0,6.81168985233482e-20,1.2442494783123222e-19
2487,EWSR1;TP53,3.5,1.734152284512469e-34,2.1750662503861302e-33
2488,EWSR1;NONO,9011.0,3.287885555188628e-23,6.751593867339214e-23
2489,EWSR1;SMARCB1,2996.0,4.4978229606695834e-07,5.804509392111307e-07
2490,EWSR1;CUX1,7403.0,3.688782235806024e-09,5.056894647737255e-09
2491,EWSR1;SRSF2,0.0,2.299657563055269e-34,2.1750662503861302e-33
2492,EWSR1;CREB1,9406.5,1.3063459613555742e-27,3.305074408817617e-27
2493,EWSR1;TCF12,9753.0,5.493353073653936e-32,1.9714463367131884e-31
2494,EWSR1;MITF,9315.5,2.4325611530572114e-26,5.746364555684021e-26
2495,EWSR1;DROSHA,9994.0,1.1920558880136392e-34,2.1750662503861302e-33
2496,EWSR1;AKT1,1523.5,1.6728878417053087e-17,2.80655358297745e-17
2497,FAT1;KRAS,9946.0,1.1204738997256976e-33,6.06653093176568e-33
2498,FAT1;TP53,8099.5,2.568847514633955e-14,3.9722313246420356e-14
2499,FAT1;KMT2D,8961.5,1.6619066318025602e-22,3.3295938084113903e-22
2500,FAT1;CASP8,884.5,3.8995063853779675e-24,8.412418269579435e-24
2501,PRKAR1A;RARA,4981.5,0.9648612283716895,0.9676611738980148
2502,PRKAR1A;WDCP,7553.5,3.513607122335138e-10,4.952711307454782e-10
2503,PRKAR1A;NPM1,4814.5,0.6469994263276229,0.6621350362417129
2504,PRKAR1A;PRKACA,8607.5,9.795699356510694e-19,1.7158609719260495e-18
2505,PRKAR1A;EML4,9980.0,2.4160843184295947e-34,2.1750662503861302e-33
2506,PRKAR1A;GNAS,10000.0,8.560159367399675e-35,2.1750662503861302e-33
2507,PRKAR1A;NUMA1,7454.0,1.7923460683947193e-09,2.4757585980704036e-09
2508,PRKAR1A;CLTC,9189.0,1.615580977970595e-25,3.6903158359989267e-25
2509,ARHGAP5;SRC,2339.5,7.2861703287336e-11,1.0422601264943428e-10
2510,ARHGAP5;RHOA,7650.0,9.048120173777199e-11,1.2916275638403138e-10
2511,ARHGAP5;AKT1,9281.5,9.285426124974323e-26,2.147953995174783e-25
2512,ARHGAP5;ARHGAP35,685.0,1.0160541534681279e-26,2.4470265884221953e-26
2513,ERCC3;MSH2,7585.0,1.728605058850846e-10,2.452405206645535e-10
2514,ERCC3;PALB2,9156.0,1.9032250912082256e-24,4.163003743807359e-24
2515,ERCC3;PMS2,6247.0,0.002165755291179273,0.002491627924872027
2516,ERCC3;TP53,3955.0,0.010111428245294419,0.011379060897342074
2517,ERCC3;ATM,1993.5,1.6835382584906452e-13,2.5541300357083716e-13
2518,ERCC3;POLD1,3677.5,0.0012143731242609044,0.001412137791872707
2519,ERCC3;POLR2A,9999.5,1.8587311508629404e-34,2.1750662503861302e-33
2520,ERCC3;TCEA1,9510.0,2.3744381298406326e-28,6.278544894207519e-28
2521,ERCC3;RAD17,9900.5,3.314556314906485e-33,1.4915503417079183e-32
2522,ERCC3;ATR,9233.0,7.455458085855309e-27,1.8081447820853295e-26
2523,ERCC3;ERCC5,3578.0,0.0003909778075249064,0.00046227140020734745
2524,CIITA;HLA-A,2882.5,2.0660295092147432e-07,2.697468070965679e-07
2525,CIITA;XPO1,9497.0,3.211694077054554e-28,8.377067720981539e-28
2526,CIITA;CREB1,186.0,3.3118501826974427e-32,1.2307262614411142e-31
2527,CIITA;B2M,3688.5,0.0011785903028390442,0.0013709889217811298
2528,GNAQ;PLCG1,3939.0,0.008924053422375242,0.010062488948688037
2529,GNAQ;RARA,10000.0,1.8053686926389217e-34,2.1750662503861302e-33
2530,GNAQ;KRAS,10000.0,1.786781185201802e-34,2.1750662503861302e-33
2531,GNAQ;SRC,9911.0,2.8093837886512995e-33,1.2859907779574692e-32
2532,GNAQ;BAP1,0.0,2.2043304536496783e-34,2.1750662503861302e-33
2533,GNAQ;CREB1,9925.5,1.805988047325391e-33,8.853183959654682e-33
2534,GNAQ;RHOA,9929.5,1.786558532275163e-33,8.795365081970033e-33
2535,GNAQ;AKT1,9920.0,1.9977168018825094e-33,9.629162158027827e-33
2536,GNAQ;GNAS,9867.0,4.959632694246829e-33,2.1345567361540523e-32
2537,GNAQ;BRAF,2646.5,6.013094918774454e-09,8.184819235637855e-09
2538,GNAQ;PRKACA,8126.5,1.5052617899736036e-14,2.3475562933884358e-14
2539,GNAQ;EIF1AX,2558.0,2.3493278828306355e-09,3.23864266576094e-09
2540,TFRC;TP53,9441.0,1.7459245755999693e-27,4.385112887553412e-27
2541,TFRC;CALR,9866.0,1.0071902482205582e-32,4.0638776173737115e-32
2542,TFRC;EPS15,9969.0,5.093276816708298e-34,3.271814996011873e-33
2543,TFRC;RHOA,55.0,1.2691905091017944e-33,6.68646707234116e-33
2544,TFRC;B2M,9285.5,1.0281195206278414e-25,2.371949975493872e-25
2545,TFRC;PTPRC,9987.0,2.4485798340005607e-34,2.1750662503861302e-33
2546,TFRC;CLTC,1377.5,5.626830458494906e-19,9.92159493089714e-19
2547,KAT6A;KAT7,9623.0,3.191914500761797e-30,9.71916873535927e-30
2548,KAT6A;EP300,9998.0,8.249941092378638e-35,2.1750662503861302e-33
2549,KAT6A;TRIM24,8011.5,1.2489178289831767e-13,1.9014361308219641e-13
2550,KAT6A;KMT2A,769.0,3.913703428370158e-25,8.840365391142005e-25
2551,KAT6A;NUP98,9464.0,2.4526575441051938e-28,6.465586935490122e-28
2552,KAT6A;KMT2D,9969.5,2.260396822217547e-34,2.1750662503861302e-33
2553,KAT6A;MLLT10,2350.5,8.732214525893454e-11,1.247562356407101e-10
2554,KAT6A;AKT1,2178.5,4.746450816842971e-12,6.995195745419748e-12
2555,KAT6A;NCOA2,9969.5,1.7360424458546478e-34,2.1750662503861302e-33
2556,KAT6A;TP53,8244.0,1.6160925900849366e-15,2.5738322540707564e-15
2557,ATM;MAPK1,9525.5,1.0535338229314242e-28,2.8356798224696277e-28
2558,ATM;TSC2,9898.0,3.5532586652408665e-33,1.5865713109912706e-32
2559,ATM;EIF3E,200.5,7.940407577716658e-32,2.797354596186419e-31
2560,ATM;CCND1,903.5,1.1427967990417703e-23,2.405301910772447e-23
2561,ATM;CDKN1B,8711.5,8.35992921712914e-20,1.5230319121981188e-19
2562,ATM;MSH2,5614.0,0.12765017948993346,0.13730439474547465
2563,ATM;KRAS,9689.0,1.882240353805308e-30,5.849840524056785e-30
2564,ATM;VHL,8664.0,2.0337842629336282e-19,3.6456215833499063e-19
2565,ATM;MDM2,1049.0,1.2577732988919705e-22,2.5301888946278523e-22
2566,ATM;PALB2,2890.0,2.2096675483181915e-07,2.8828278773075384e-07
2567,ATM;EP300,3126.0,2.238144984771709e-06,2.831269790399351e-06
2568,ATM;NBN,9706.0,1.7872266976157293e-31,6.06148720997052e-31
2569,ATM;PMS2,2362.5,1.0545689926752668e-10,1.5023043852785335e-10
2570,ATM;DAXX,4.0,2.6411712893770496e-34,2.2062172902922843e-33
2571,ATM;TP53,7961.0,2.1849253332139027e-13,3.304639803758095e-13
2572,ATM;IKBKB,5532.5,0.1857504406285847,0.19770665932010742
2573,ATM;RAD17,1501.0,4.383909743004777e-18,7.502784531331286e-18
2574,ATM;MDM4,33.0,3.6385369800206106e-34,2.555850366453502e-33
2575,ATM;HSP90AA1,3496.5,0.00020405517077598032,0.0002432613557094819
2576,ATM;PPM1D,6416.0,0.00045707202387982373,0.0005389426525174585
2577,ATM;BAP1,0.5,2.2582227382314104e-34,2.1750662503861302e-33
2578,ATM;CASP8,166.5,2.4248482678827915e-32,9.229378429298379e-32
2579,ATM;CREB1,6436.5,0.00038733407194547223,0.000458119970103885
2580,ATM;NF1,1549.0,8.60577690564251e-18,1.454355256034255e-17
2581,ATM;POLR2A,2210.0,5.4024919684782e-12,7.94511159279177e-12
2582,ATM;POLD1,185.0,5.817724117120375e-32,2.0835289687842505e-31
2583,ATM;SMAD4,90.0,1.6513849298792242e-33,8.247379071766761e-33
2584,ATM;AKT1,1147.5,3.796590669780222e-21,7.265236630542883e-21
2585,ATM;DROSHA,7772.5,6.46441518922218e-12,9.49066223192517e-12
2586,ATM;BRAF,2707.0,1.504867225288761e-08,2.0244535346819613e-08
2587,ATM;ERCC5,3324.5,3.736819059926828e-05,4.571485547294555e-05
2588,ATM;SPOP,7467.5,1.2665231669895733e-09,1.7557577477400585e-09
2589,ATM;SMARCB1,9431.5,1.3032995801001013e-27,3.299782673132564e-27
2590,ATM;KMT2A,2.0,8.785630431701765e-35,2.1750662503861302e-33
2591,ATM;ATR,5128.0,0.7392977909925025,0.7541361173760592
2592,ATM;XPO1,3341.5,3.242303798965434e-05,3.976366901783017e-05
2593,ATM;NPM1,86.5,2.03117968793025e-33,9.763222533361535e-33
2594,BUB1B;TP53,9959.5,5.948288372079432e-34,3.69071537053977e-33
2595,BUB1B;CLIP1,12.0,3.14529582930203e-34,2.352221943645905e-33
2596,BUB1B;UBR5,9982.0,2.9322724083750103e-34,2.2727437624477888e-33
2597,BUB1B;BCOR,8560.5,2.0178680386472657e-18,3.493863698178833e-18
2598,BUB1B;PPP2R1A,6607.5,8.234543682204158e-05,9.96448983392772e-05
2599,BUB1B;JUN,25.0,4.9740975463008755e-34,3.2071793134357885e-33
2600,BUB1B;NUMA1,6439.0,0.0004193222132193941,0.0004951067881401524
2601,BUB1B;EML4,8722.5,5.0855695268062757e-20,9.34879164076728e-20
2602,BUB1B;XPO1,9988.0,1.853333493709695e-34,2.1750662503861302e-33
2603,BUB1B;NUP98,4244.0,0.06038771157052725,0.06602338854405003
2604,MLLT10;NSD1,9652.0,3.2447721166928796e-30,9.862737410106061e-30
2605,MLLT10;SMARCB1,4402.5,0.14310833636176473,0.15359702188393135
2606,MLLT10;ABI1,10000.0,1.915141044439115e-34,2.1750662503861302e-33
2607,MLLT10;NUP98,1533.0,9.947343264273405e-18,1.678614175846137e-17
2608,MLLT10;KMT2A,333.0,3.60741110304734e-30,1.0916998924808763e-29
2609,EPAS1;EIF3E,6851.5,5.973175958986267e-06,7.465929878573793e-06
2610,EPAS1;VHL,3482.5,0.00014139904921307137,0.0001696199632351179
2611,EPAS1;TMEM127,143.5,1.5591301257260348e-32,6.123129221033154e-32
2612,EPAS1;SMAD2,9740.0,1.781782030189115e-31,6.060864858596045e-31
2613,EPAS1;EP300,4902.0,0.8041092595607298,0.8166328536708439
2614,EPAS1;TP53,3169.0,6.566913982567567e-06,8.196191666216509e-06
2615,EPAS1;JUN,701.0,6.646405351834106e-26,1.5457588759043518e-25
2616,EPAS1;SMAD4,8834.0,1.4318988706243769e-21,2.7879676038748428e-21
2617,EPAS1;HSP90AA1,5916.0,0.0248537130461441,0.02764545615947023
2618,EPAS1;CREB1,9321.0,1.3982793226982685e-26,3.3327264408587697e-26
2619,EPAS1;SMAD3,8826.0,2.8957950561286185e-21,5.563017072807396e-21
2620,EPAS1;MAX,8211.0,2.3759774238824993e-15,3.768415776474491e-15
2621,EPAS1;AKT1,1739.0,1.2803421889311317e-15,2.045706243618119e-15
2622,GOLGA5;TRIP11,2566.0,2.374417080596943e-09,3.2719240153680364e-09
2623,GOLGA5;CUX1,9595.0,1.5626880004813428e-29,4.4559816251349183e-29
2624,PPP2R1A;MAPK1,9934.5,1.2157048347661132e-33,6.431534383941362e-33
2625,PPP2R1A;KRAS,9938.5,1.4186131373445275e-33,7.241841953711503e-33
2626,PPP2R1A;MDM2,6504.0,0.00022063251119998085,0.0002629330892093565
2627,PPP2R1A;MAP2K2,383.5,1.2824276529086972e-29,3.690316376729773e-29
2628,PPP2R1A;CBL,244.5,2.9219986071507057e-31,9.608398845207268e-31
2629,PPP2R1A;TP53,5750.0,0.06600367032004033,0.07195857559181684
2630,PPP2R1A;PABPC1,8265.5,1.3866291922832902e-15,2.214505771040227e-15
2631,PPP2R1A;BRAF,4697.0,0.45912550865716883,0.4763547757187558
2632,PPP2R1A;PTPN11,9999.0,2.0960401986319023e-34,2.1750662503861302e-33
2633,PPP2R1A;AKT1,7627.5,8.253460108663835e-11,1.179650874091903e-10
2634,PPP2R1A;AKT3,10000.0,1.9921678853703126e-34,2.1750662503861302e-33
2635,PPP2R1A;SRC,9088.0,9.877136959859935e-24,2.0826958714628394e-23
2636,PPP2R1A;POLR2A,1583.0,5.949843862196926e-17,9.87165645115342e-17
2637,PPP2R1A;HSP90AA1,170.0,3.0797993790811436e-32,1.1531729852767533e-31
2638,PALB2;MSH2,7741.5,8.868181253409724e-12,1.298112427436849e-11
2639,PALB2;NBN,2514.0,6.785611708845527e-11,9.726700151708894e-11
2640,PALB2;ERCC5,1989.5,1.1639281454677477e-13,1.7736047930937109e-13
2641,PALB2;CUL3,3738.5,0.0017715147858213605,0.002046241677740181
2642,PALB2;TP53,8988.5,8.206335878526861e-23,1.6604857609009854e-22
2643,PALB2;POLD1,9877.0,9.265830189531503e-33,3.7673775452965735e-32
2644,PALB2;NF1,7576.5,6.887489649726362e-11,9.864552105037011e-11
2645,PALB2;PMS2,9756.5,2.0521139046874685e-31,6.885539470485332e-31
2646,ASPSCR1;PRCC,221.0,8.659894368344658e-32,3.0477184253563273e-31
2647,ASPSCR1;NONO,9171.0,1.6375271330929104e-24,3.590922444142829e-24
2648,ASPSCR1;CLTC,6993.0,1.0832651680143891e-06,1.3855530794440152e-06
2649,ASPSCR1;TFE3,8749.0,3.8278338554426637e-20,7.05922828410344e-20
2650,NF2;TSC2,9975.0,4.5936206546106926e-34,3.0251656835455377e-33
2651,NF2;KRAS,9947.5,1.141899590612748e-33,6.127958051487046e-33
2652,NF2;TP53,6648.5,5.0853399667979575e-05,6.190537134643797e-05
2653,NF2;TRAF7,42.5,5.448652227926382e-34,3.4362303101667107e-33
2654,NF2;SMARCE1,6209.0,0.0028418302107748963,0.0032510311845210336
2655,NF2;SMARCB1,2247.5,5.3551836051667824e-12,7.878890821394806e-12
2656,NF2;RAC1,4627.5,0.36135311284802685,0.3782060442164691
2657,NF2;BAP1,74.0,1.8942710312553846e-33,9.23356937097124e-33
2658,NF2;NF1,10000.0,1.3537748366910205e-34,2.1750662503861302e-33
2659,NF2;AKT1,3992.0,0.01322385358351815,0.01483337811899991
2660,NF2;LZTR1,9498.0,3.10607871292009e-28,8.113838270485132e-28
2661,TRIP11;ETV6,9975.5,4.654354773893984e-34,3.052267570887592e-33
2662,NDRG1;TP53,8549.0,3.4088131150513803e-18,5.866961217937037e-18
2663,NDRG1;HSP90AA1,8884.0,2.1105710814259395e-21,4.079493096984366e-21
2664,NDRG1;SGK1,4664.5,0.41176538959455267,0.4287620326721223
2665,BCL3;STAT3,8714.0,1.0506518417712301e-19,1.9090708544486705e-19
2666,BCL3;JUN,1222.0,2.5090856322173766e-20,4.66706132666483e-20
2667,BCL3;IKBKB,4418.5,0.15351906124145165,0.16436241500943521
2668,BCL3;AKT1,2834.5,1.0688593471243852e-07,1.4104535714631062e-07
2669,EPS15;CBL,10000.0,1.7919708990640595e-34,2.1750662503861302e-33
2670,EPS15;CLTC,1136.5,2.4564963196715775e-21,4.729610741384386e-21
2671,AKT3;MAPK1,3073.0,1.7686856141194194e-06,2.2456199421001886e-06
2672,AKT3;TSC2,9977.0,1.1449825125091213e-34,2.1750662503861302e-33
2673,AKT3;CDKN1B,2351.0,6.66973069921987e-11,9.568530218557023e-11
2674,AKT3;MDM2,397.5,1.9007208525605924e-29,5.362360217509719e-29
2675,AKT3;TP53,9190.5,8.084689496805294e-25,1.800301991041179e-24
2676,AKT3;CREB3L2,9954.5,8.494667005607933e-34,4.811099960461464e-33
2677,AKT3;HSP90AA1,7445.5,1.5502033351672532e-09,2.1438586339888063e-09
2678,AKT3;RAC1,6096.5,0.006816221087488589,0.007718499370367157
2679,AKT3;JUN,2707.0,2.0301335240729866e-08,2.7247151297849482e-08
2680,AKT3;SRC,9147.5,2.382499550458991e-24,5.188354408560979e-24
2681,AKT3;CREB1,7623.5,1.001241120959911e-10,1.427512093249774e-10
2682,AKT3;LYN,5050.0,0.9017401256890353,0.9085754735805557
2683,AKT3;IKBKB,9911.5,1.3359996469012493e-33,6.953636716401684e-33
2684,AKT3;AKT1,9948.0,8.104195140304094e-34,4.629437752874537e-33
2685,NBN;MSH2,9995.0,7.449445348794742e-35,2.1750662503861302e-33
2686,NBN;MDM2,9999.5,1.3007777606392811e-34,2.1750662503861302e-33
2687,NBN;ATR,3160.5,1.3136130707536882e-06,1.6758386018917485e-06
2688,NBN;RAD17,2261.5,6.872713558046959e-12,1.0077258403313658e-11
2689,NBN;TP53,9992.0,1.3797412447049684e-34,2.1750662503861302e-33
2690,POT1;DAXX,9927.0,2.1220906725510763e-33,1.01437695219039e-32
2691,IDH2;KRAS,659.5,2.7107019020241786e-26,6.390304074621802e-26
2692,IDH2;SDHA,6756.5,1.6269111713393083e-05,2.005208633433898e-05
2693,IDH2;TP53,506.5,4.064092083362388e-28,1.049738582967146e-27
2694,IDH2;NPM1,6615.5,7.713072447680305e-05,9.34655623393518e-05
2695,IDH2;ZRSR2,7985.5,2.4050734792130117e-13,3.6296654777992003e-13
2696,IDH2;EZH2,4236.5,0.06109906393749261,0.06678000157114942
2697,IDH2;BRAF,6645.5,5.5216413768143034e-05,6.716928052893429e-05
2698,IDH2;GNAS,3584.0,0.0005018904712197538,0.0005907811541333342
2699,IDH2;PTPN11,5560.0,0.1696430951195903,0.18117630925009398
2700,IDH2;ASXL1,3775.5,0.002526916366924961,0.0029013365329211512
2701,IDH2;SDHD,8578.0,1.9966586146201554e-18,3.4606079097930077e-18
2702,IDH2;ETV6,273.0,6.0268174442569215e-31,1.9375517290559926e-30
2703,IDH2;SDHB,1461.5,4.377278246821422e-18,7.496468593168897e-18
2704,IDH2;SRSF2,311.5,1.9580265822813128e-30,6.074452305533409e-30
2705,IDH2;NF1,9290.0,9.362298014808313e-26,2.1642877551289317e-25
2706,ERCC5;MSH2,4899.0,0.8047818726946467,0.8170758378474439
2707,ERCC5;EP300,6986.0,1.0446297562661444e-06,1.338117286010302e-06
2708,ERCC5;PMS2,4267.5,0.06941337662210127,0.07548540893832033
2709,ERCC5;TCEA1,8494.0,1.2848136290129021e-17,2.1575879017825993e-17
2710,ERCC5;POLD1,4070.0,0.02260870371787471,0.025188807236935847
2711,NCOA2;DDX5,10000.0,1.2677516379638231e-34,2.1750662503861302e-33
2712,NCOA2;CCND1,122.5,7.451139522412317e-33,3.0950887246943473e-32
2713,NCOA2;RARA,0.0,1.976637188891507e-34,2.1750662503861302e-33
2714,NCOA2;EP300,9928.0,5.466696797471735e-34,3.4413304429986004e-33
2715,NCOA2;NCOR1,9203.0,2.4104222975430807e-25,5.466154501515018e-25
2716,NCOA2;TP53,9842.5,1.8234505286460439e-32,7.072777808081625e-32
2717,NCOA2;HSP90AA1,579.5,2.4582795375167263e-27,6.138593989637143e-27
2718,NCOA2;NCOR2,9982.0,1.4059525785582324e-34,2.1750662503861302e-33
2719,GNAS;KRAS,8813.0,1.0490682377000208e-20,1.9801091368057196e-20
2720,GNAS;TP53,9937.0,1.0984870485113832e-33,5.9785373852840006e-33
2721,GNAS;NPM1,3352.0,4.8738076023950996e-05,5.939308559195157e-05
2722,GNAS;PRKACA,4977.5,0.9564506045778384,0.9603408743233612
2723,GNAS;SMAD4,9913.0,1.4560364702158408e-33,7.421920414551543e-33
2724,GNAS;SRC,4802.0,0.6273925539652672,0.6434031651347072
2725,GNAS;BRAF,4829.0,0.6708862664980776,0.6855656230092715
2726,NAB2;STAT6,6.5,2.964326304739311e-34,2.286766006513183e-33
2727,NAB2;PABPC1,1018.0,2.25459921160529e-22,4.506590442630354e-22
2728,CALR;HSP90AA1,8602.5,7.266361350107932e-19,1.2779921031029525e-18
2729,CALR;CREB1,9999.5,1.5569121962335232e-34,2.1750662503861302e-33
2730,CALR;SRSF2,0.0,2.24698946443421e-34,2.1750662503861302e-33
2731,CALR;AKT1,800.5,7.329134640608203e-25,1.6352155789504163e-24
2732,CALR;B2M,10000.0,1.9985040255872955e-34,2.1750662503861302e-33
2733,CALR;HLA-A,9400.0,4.33581231700619e-27,1.065001234369111e-26
2734,CALR;ASXL1,6988.5,1.0611441932135817e-06,1.3582645673133845e-06
2735,CALR;XPO1,9999.5,2.154650203518276e-34,2.1750662503861302e-33
2736,CBFB;RARA,545.0,9.173086226988316e-28,2.3379193215687037e-27
2737,CBFB;EP300,9706.0,6.000722470522903e-31,1.9309587391179846e-30
2738,CBFB;LEF1,8990.0,9.659677808782913e-23,1.9522717255645466e-22
2739,CBFB;BAX,103.5,5.329102220573821e-33,2.282202884052432e-32
2740,CBFB;PPM1D,9992.0,1.6464795395368935e-34,2.1750662503861302e-33
2741,CBFB;KMT2A,9978.0,2.4781022830254423e-34,2.1750662503861302e-33
2742,CHCHD7;TCEA1,3189.0,8.739437785599949e-06,1.0852855546903854e-05
2743,MITF;MAPK1,225.5,1.5370770715971107e-31,5.259542930138233e-31
2744,MITF;EP300,7484.5,1.046869962783631e-09,1.4565147308293997e-09
2745,MITF;LEF1,365.5,7.061159879639891e-30,2.0804235757915996e-29
2746,MITF;PRCC,9989.0,2.6397562838488738e-34,2.2062172902922843e-33
2747,MITF;TFE3,10000.0,2.486050741557357e-34,2.1750662503861302e-33
2748,MITF;JUN,1281.5,1.0053936127290377e-19,1.8287580661008182e-19
2749,MITF;CREB1,6678.0,3.7851004655868146e-05,4.628912671290881e-05
2750,MITF;BRAF,8798.0,1.296046113564591e-20,2.4382881701030085e-20
2751,HSP90AA1;MAPK1,1570.0,2.5926664939902517e-17,4.332311619210444e-17
2752,HSP90AA1;MYH9,445.0,7.624997493620425e-29,2.0652030829116133e-28
2753,HSP90AA1;TSC2,2771.5,3.5319720918134056e-08,4.718397970354515e-08
2754,HSP90AA1;DDX5,1412.0,1.4552412327683584e-18,2.5298358654162204e-18
2755,HSP90AA1;CCND1,9788.0,6.986228334775114e-32,2.47127995138002e-31
2756,HSP90AA1;PLCG1,8695.0,1.28430132375298e-19,2.326281643024266e-19
2757,HSP90AA1;DNAJB1,3099.0,3.068145439022423e-06,3.865661916610096e-06
2758,HSP90AA1;KRAS,4489.0,0.21003258513820944,0.22279699638970282
2759,HSP90AA1;VHL,3690.5,0.0012979521920574483,0.0015072993198086495
2760,HSP90AA1;MDM2,9723.0,4.550254277366451e-31,1.4807607139904382e-30
2761,HSP90AA1;EP300,2659.0,8.012439961149438e-09,1.086773646221839e-08
2762,HSP90AA1;CBL,1819.0,5.923523680002183e-15,9.30954881222717e-15
2763,HSP90AA1;STAT3,233.0,1.09273380040895e-31,3.7992837165124056e-31
2764,HSP90AA1;NCOR1,1416.0,1.522249970704618e-18,2.6423384725038467e-18
2765,HSP90AA1;TP53,9790.5,8.674430357517413e-32,3.0497285163357254e-31
2766,HSP90AA1;FLCN,8303.0,5.545390647578482e-16,8.959733556816845e-16
2767,HSP90AA1;ARAF,386.0,1.4161936779858287e-29,4.058346062287748e-29
2768,HSP90AA1;NPM1,155.5,1.1941241828446134e-32,4.787579090383972e-32
2769,HSP90AA1;PCBP1,7133.0,1.836760728660039e-07,2.4017575021752157e-07
2770,HSP90AA1;PRKACA,3397.0,7.960222293376071e-05,9.635911819932644e-05
2771,HSP90AA1;EZH2,9712.0,5.799157254327848e-31,1.86957905512659e-30
2772,HSP90AA1;EML4,4403.0,0.14324627222729022,0.15369020305703174
2773,HSP90AA1;RAC1,2202.5,6.570412337798001e-12,9.64218473011885e-12
2774,HSP90AA1;FGFR1,720.0,1.032840995262337e-25,2.381253155187883e-25
2775,HSP90AA1;IKBKB,7376.5,5.30823865600147e-09,7.239649879692613e-09
2776,HSP90AA1;JUN,256.5,3.037078583883934e-31,9.977322800287906e-31
2777,HSP90AA1;SRC,1404.5,1.1688692953553295e-18,2.043304139983823e-18
2778,HSP90AA1;POLR2A,999.5,1.1722533142420258e-22,2.359526764135376e-22
2779,HSP90AA1;MAP3K1,1549.5,1.9059759014129347e-17,3.192948480505624e-17
2780,HSP90AA1;CASP8,1745.0,1.4988901432692805e-15,2.389374693329628e-15
2781,HSP90AA1;RHOA,20.5,4.1536722486464115e-34,2.8103306206055734e-33
2782,HSP90AA1;BRAF,8227.5,1.401892856616651e-15,2.237848366035633e-15
2783,HSP90AA1;AKT1,8729.0,1.114913701326973e-20,2.1032433142936784e-20
2784,HSP90AA1;LYN,6412.5,0.0005111342834527172,0.0006010480039512048
2785,HSP90AA1;DICER1,3142.0,5.169924227447776e-06,6.4736442500215624e-06
2786,TSC2;MAPK1,9995.5,1.835427043310618e-34,2.1750662503861302e-33
2787,TSC2;IKBKB,4295.0,0.0687173014507337,0.074751965317512
2788,TSC2;TP53,9997.5,1.6837702252332379e-34,2.1750662503861302e-33
2789,TSC2;SRC,5552.0,0.1757587423582111,0.1873603373195489
2790,TSC2;FLCN,8475.0,9.2427489039403e-18,1.5604758286281232e-17
2791,TSC2;SMAD3,8778.5,6.082886120696856e-21,1.1576241427934106e-20
2792,TSC2;NF1,9882.5,4.3995671917613674e-33,1.905376468010938e-32
2793,TSC2;CCND1,7080.0,3.321789854714187e-07,4.301276035178805e-07
2794,TSC2;SGK1,9852.5,7.96311167145701e-33,3.2840708754839413e-32
2795,TSC2;BRAF,8840.5,4.766019918496568e-21,9.100201568134884e-21
2796,TSC2;AKT1,3222.0,1.1481173686649919e-05,1.4211653388632565e-05
2797,TSC2;CDKN1B,10000.0,1.4869600775436242e-34,2.1750662503861302e-33
2798,TSC2;KRAS,9864.0,1.393413410933713e-32,5.516193296892225e-32
2799,CLTC;MAPK1,9952.5,5.371216810028748e-34,3.4123024440182636e-33
2800,CLTC;MYH9,82.5,2.0104863614239556e-33,9.677215689528121e-33
2801,CLTC;CBL,5044.5,0.9131188529811495,0.9187012389819076
2802,CLTC;STAT3,0.0,1.5938635767314002e-34,2.1750662503861302e-33
2803,CLTC;TP53,9997.5,2.167867937078505e-34,2.1750662503861302e-33
2804,CLTC;PRCC,9388.0,6.329817157351026e-27,1.5416383436085376e-26
2805,CLTC;WDCP,9999.5,2.15806759548139e-34,2.1750662503861302e-33
2806,CLTC;NPM1,3137.0,4.522388852243488e-06,5.681343465413847e-06
2807,CLTC;TFE3,5.5,2.8102025409125065e-34,2.2581884895286096e-33
2808,CLTC;EML4,9870.0,6.677661729200165e-33,2.7951969501338e-32
2809,CLTC;IKBKB,1644.5,1.5972418796083326e-16,2.614906648946659e-16
2810,CLTC;PAFAH1B2,9655.5,6.2533635489104385e-31,2.0047889077026418e-30
2811,NPM1;EIF3E,9286.0,4.231610739906169e-26,9.901453430680922e-26
2812,NPM1;CCND1,9971.5,3.612622693913193e-34,2.5428154847584508e-33
2813,NPM1;PLCG1,9417.0,2.73466870034417e-27,6.799291387330541e-27
2814,NPM1;RARA,5021.5,0.958899861688649,0.9620256360046293
2815,NPM1;KRAS,2455.5,4.4537994312107607e-10,6.251962158515186e-10
2816,NPM1;MDM2,3325.0,3.4378696015265945e-05,4.210232935108402e-05
2817,NPM1;EP300,829.5,1.27954345839436e-24,2.8220179912003245e-24
2818,NPM1;STAT3,2381.0,1.4017257519751327e-10,1.9927454540625498e-10
2819,NPM1;TP53,9547.5,5.422134598522151e-29,1.4836814863414532e-28
2820,NPM1;NONO,9949.0,7.050267966200786e-34,4.20098725710171e-33
2821,NPM1;WDCP,10000.0,2.285410299297921e-34,2.1750662503861302e-33
2822,NPM1;ASXL1,6300.0,0.001360306926495346,0.0015766521905965485
2823,NPM1;XPO1,215.5,3.8370540821870543e-32,1.4062416657516925e-31
2824,NPM1;NUP98,9997.0,2.2482423179525684e-34,2.1750662503861302e-33
2825,NPM1;ETV6,3319.0,3.8192490903481517e-05,4.6690218805246594e-05
2826,NPM1;KMT2A,1486.0,6.5903344849912445e-18,1.1203244456532092e-17
2827,NPM1;EML4,6688.5,3.273973304608399e-05,4.012358773307315e-05
2828,NPM1;BRAF,7.5,2.388127887161383e-34,2.1750662503861302e-33
2829,NPM1;AKT1,1311.0,1.3815517250405029e-19,2.4985048465410668e-19
2830,NPM1;PTPN11,4895.0,0.7965297734006355,0.8094110252492197
2831,NPM1;EZH2,5845.5,0.036531425847569785,0.040400834473344374
2832,NPM1;SRC,3158.0,6.20118524519921e-06,7.745318470331937e-06
2833,NPM1;SRSF2,9979.5,4.4654247907725525e-34,2.9792486634961275e-33
2834,NPM1;NUMA1,2043.5,4.195176769668754e-13,6.300969541927515e-13
2835,NPM1;TPR,7061.5,3.1960293501911836e-07,4.139984045824862e-07
2836,NPM1;ZRSR2,8964.0,2.521459335655087e-22,5.022572601742929e-22
2837,SDHA;TMEM127,616.0,6.726268866503897e-27,1.6370412114533427e-26
2838,SDHA;SDHD,10000.0,6.262632744393174e-35,2.1750662503861302e-33
2839,SDHA;B2M,3620.5,0.0007422302097203713,0.0008698364207506283
2840,SDHA;SDHB,9982.0,5.875774371998541e-35,2.1750662503861302e-33
2841,SDHA;NF1,9916.0,2.1003821099938918e-33,1.0067851001579598e-32
2842,XPO1;DDX5,10000.0,1.197545417279673e-34,2.1750662503861302e-33
2843,XPO1;CCND1,9989.5,2.7719054239932137e-34,2.2581884895286096e-33
2844,XPO1;CDKN1B,9679.5,2.0188282465778643e-30,6.2574622602449314e-30
2845,XPO1;MDM2,9995.5,1.2387675517588067e-34,2.1750662503861302e-33
2846,XPO1;EP300,9983.5,1.8303724029737428e-34,2.1750662503861302e-33
2847,XPO1;TP53,10000.0,1.6793937840402178e-34,2.1750662503861302e-33
2848,XPO1;NUP98,8656.0,1.3858161137118517e-19,2.504906113487531e-19
2849,XPO1;SMAD4,9907.0,1.7893353298339858e-33,8.796504836282013e-33
2850,XPO1;DICER1,6083.5,0.007130770518494084,0.008072041569576008
2851,XPO1;DROSHA,9991.0,7.323467549647943e-35,2.1750662503861302e-33
2852,XPO1;AKT1,3774.0,0.0026758772653452546,0.0030682919140786994
2853,XPO1;UBR5,8166.0,3.2270327535891576e-15,5.106513368316909e-15
2854,SMARCD1;NCOR1,9492.0,3.8165887692189567e-28,9.872852385045446e-28
2855,SMARCD1;TP53,4679.0,0.43218795649322694,0.4492155120723586
2856,SMARCD1;SMARCE1,9771.5,1.467492775129252e-32,5.796177178110509e-32
2857,SMARCD1;SMARCB1,1750.0,1.092138932143275e-15,1.7490417745538268e-15
2858,SMARCD1;JUN,5.5,2.8143202365814777e-34,2.2581884895286096e-33
2859,SMARCD1;PBRM1,9998.0,9.84318985057197e-35,2.1750662503861302e-33
2860,STAT3;MAPK1,601.0,2.322313402359782e-27,5.80326472780579e-27
2861,STAT3;CCND1,689.0,5.314045524794539e-26,1.2383911890552884e-25
2862,STAT3;RARA,4.0,2.559057700407347e-34,2.1804205913493133e-33
2863,STAT3;KRAS,5026.0,0.9502208064236848,0.9546404380814694
2864,STAT3;MDM2,4732.0,0.5075143057701124,0.5234167235874391
2865,STAT3;SMAD2,0.5,2.1134516849166076e-34,2.1750662503861302e-33
2866,STAT3;EP300,5059.0,0.8848114139581649,0.893602643670198
2867,STAT3;CBL,3547.5,0.00033461158074332004,0.0003968488754457495
2868,STAT3;PTPN11,8619.0,2.678976463861326e-19,4.78230509251278e-19
2869,STAT3;AKT1,124.0,7.707869339578446e-33,3.194052330645457e-32
2870,STAT3;DROSHA,936.5,1.7781428171730394e-23,3.7086672155401474e-23
2871,STAT3;BRAF,5591.0,0.14363609073502984,0.15401995953467673
2872,STAT3;RHOA,0.0,2.405635477944365e-34,2.1750662503861302e-33
2873,STAT3;CUX1,876.5,5.174264724097682e-24,1.107946647241734e-23
2874,STAT3;EML4,8829.5,5.477433108858673e-21,1.043550651831068e-20
2875,STAT3;TRIM24,6254.5,0.0020660349637002767,0.002381660051550419
2876,STAT3;STAT6,2767.5,2.3115853808472447e-08,3.097649893837952e-08
2877,STAT3;NFATC2,9106.5,2.8103727662608996e-24,6.100909723742255e-24
2878,STAT3;LYN,30.0,3.3874951272485176e-34,2.4389964916189324e-33
2879,STAT3;BIRC6,4079.5,0.022131078074488615,0.024672582524333114
2880,STAT3;PTPRC,5808.5,0.046025650013535944,0.05068981722332065
2881,STAT3;FGFR1,2734.0,1.9456869908294117e-08,2.6123909247499795e-08
2882,STAT3;IKBKB,4082.0,0.019926365145224927,0.02226495892075569
2883,STAT3;RAC1,173.5,4.0841629240991763e-32,1.4889100280260288e-31
2884,STAT3;SMAD3,8221.5,1.406193103674723e-15,2.2436765310710262e-15
2885,STAT3;CASP8,42.5,7.105671168950229e-34,4.219450096201373e-33
2886,STAT3;CREB1,1.0,1.3745532470802125e-34,2.1750662503861302e-33
2887,STAT3;SRC,4158.5,0.039404808621008786,0.04350895162754197
2888,STAT3;TP53,79.0,1.708909447235892e-33,8.485619324205809e-33
2889,STAT3;EZH2,9195.5,6.179253900155225e-25,1.3831283341280089e-24
2890,STAT3;JUN,2870.5,9.909760554237583e-08,1.3091793759726717e-07
2891,STAT3;SMAD4,7608.0,1.364158067231173e-10,1.9401359178398906e-10
2892,BCL9;BCL9L,3738.5,0.0012264033303354118,0.0014256474637198732
2893,BCL9;LEF1,9893.5,4.196476540805087e-33,1.827965072655203e-32
2894,ETV6;KRAS,10000.0,2.149284464891251e-34,2.1750662503861302e-33
2895,ETV6;NCOR1,9900.5,2.737970685173721e-33,1.2599769224980534e-32
2896,ETV6;ZRSR2,61.5,7.745741209540485e-34,4.48396677054806e-33
2897,ETV6;NUP98,8247.5,1.6224347234169245e-15,2.582742701118789e-15
2898,ETV6;EZH2,7418.0,2.969821370563465e-09,4.082618399629012e-09
2899,ETV6;EML4,997.5,7.314316883244594e-23,1.4825970175069396e-22
2900,ETV6;ASXL1,2998.0,8.189749899923344e-07,1.0514032560971424e-06
2901,ETV6;SRSF2,756.5,3.2879042603108225e-25,7.4365164421689805e-25
2902,ETV6;KMT2A,9107.5,5.556849665493968e-24,1.1883955720264326e-23
2903,ETV6;ZNF384,10000.0,1.9265893957083336e-34,2.1750662503861302e-33
2904,ETV6;BRAF,8679.0,1.612765051214144e-19,2.9090375871587067e-19
2905,LZTR1;KRAS,3089.5,3.0153689564767428e-06,3.8019391147696546e-06
2906,LZTR1;CUL3,7465.5,1.4742941914721076e-09,2.04133041896138e-09
2907,LZTR1;SMARCB1,5120.5,0.7659341261622381,0.7799258515075707
2908,LZTR1;NF1,9973.5,3.787024691895986e-34,2.638701075643655e-33
2909,LZTR1;SPOP,9529.0,1.1189628596546802e-28,3.00944408012963e-28
2910,SMAD4;MAPK1,7947.0,3.9914494044342697e-13,5.997586583358624e-13
2911,SMAD4;DDX5,8241.0,7.812178154303261e-16,1.255762218663817e-15
2912,SMAD4;CCND1,8936.5,4.878532509568801e-22,9.62340659421791e-22
2913,SMAD4;MSH2,8102.5,2.1434240563676057e-14,3.324808590128566e-14
2914,SMAD4;KRAS,8944.0,4.822076480927692e-22,9.517473625406113e-22
2915,SMAD4;SMAD2,9556.5,2.710863768831636e-29,7.57376328624263e-29
2916,SMAD4;EP300,8083.0,2.288799925510205e-14,3.548718054088501e-14
2917,SMAD4;LEF1,9999.0,1.5445046916930135e-34,2.1750662503861302e-33
2918,SMAD4;PMS2,9661.5,3.615284742741146e-30,1.0921699362686537e-29
2919,SMAD4;DAXX,98.0,4.1575137184418566e-33,1.814187804410992e-32
2920,SMAD4;NCOR1,5169.0,0.6738579756939541,0.6883988069755559
2921,SMAD4;TP53,5142.5,0.7210991328620246,0.7362241072883773
2922,SMAD4;EZH2,2882.0,1.1460821486191889e-07,1.5106254407429124e-07
2923,SMAD4;SMAD3,8224.5,2.422429511414382e-16,3.949017165777408e-16
2924,SMAD4;PBRM1,9165.0,7.514210082434398e-25,1.675426454509244e-24
2925,SMAD4;NCOR2,3974.5,0.010005557519981815,0.011263585273308518
2926,SMAD4;BRAF,9564.0,3.068941846624502e-29,8.560341422061565e-29
2927,SMAD4;AKT1,77.5,1.9793075113794904e-33,9.569736922532732e-33
2928,SMAD4;DROSHA,6442.0,0.0003089932643824748,0.0003668432571988434
2929,SMAD4;JUN,654.0,2.027607182998868e-26,4.8028858289541385e-26
2930,SMAD4;SRC,9859.5,1.4648808518432e-32,5.792480805457779e-32
2931,SMAD4;NF1,9228.5,6.704145887680981e-26,1.5581390845881283e-25
2932,CLIP1;EML4,2459.5,3.514735894119435e-10,4.952711307454782e-10
2933,CLIP1;RAC1,9951.5,9.614448602855317e-34,5.3249253800429446e-33
2934,CLIP1;NIN,2898.5,2.333606404622036e-07,3.0410798395074496e-07
2935,AKT1;MAPK1,8498.5,7.186339869346777e-18,1.2192435242249614e-17
2936,AKT1;MYH9,629.0,1.1587012344177917e-26,2.7770259820720446e-26
2937,AKT1;CCND1,7100.5,1.8583259388858036e-07,2.428118882718086e-07
2938,AKT1;CDKN1B,62.0,1.3801246638036035e-33,7.108361904776832e-33
2939,AKT1;MSH2,9895.5,5.024182695652803e-33,2.1596486811164287e-32
2940,AKT1;PLCG1,8318.0,3.2300014756710963e-16,5.253122399962028e-16
2941,AKT1;RARA,2129.0,9.197780376544162e-13,1.370742948742416e-12
2942,AKT1;KRAS,9920.0,2.3666966338961543e-33,1.1143465349788977e-32
2943,AKT1;VHL,724.0,1.1868913068515524e-25,2.727324705105695e-25
2944,AKT1;MDM2,9561.5,4.178171840300775e-29,1.1542575443708614e-28
2945,AKT1;SMAD2,3336.5,4.4943471402446856e-05,5.486564364777688e-05
2946,AKT1;EP300,6943.0,1.7231303459236311e-06,2.1885845187475448e-06
2947,AKT1;CBL,63.5,1.3740495411632334e-33,7.098229019820829e-33
2948,AKT1;NCOR1,1034.0,2.875050123516406e-22,5.720306981504145e-22
2949,AKT1;TP53,4509.5,0.2274164364668244,0.24086766914782262
2950,AKT1;BAX,9410.0,3.762162509922728e-27,9.273918426742475e-27
2951,AKT1;STAT6,7092.0,2.958227953138602e-07,3.8391422478584336e-07
2952,AKT1;EZH2,1307.5,1.0433066303314633e-19,1.8967215751843964e-19
2953,AKT1;EML4,7.5,2.7750461873680177e-34,2.2581884895286096e-33
2954,AKT1;CREB3L2,7276.5,2.139542516611017e-08,2.8693282644189658e-08
2955,AKT1;SMAD3,1.0,1.6772262479189024e-34,2.1750662503861302e-33
2956,AKT1;SMARCB1,6853.5,4.977051439535179e-06,6.236653290440021e-06
2957,AKT1;RAC1,1360.0,2.775178965890637e-19,4.946373649364643e-19
2958,AKT1;NF1,8835.0,6.122802851272256e-21,1.1645793425424831e-20
2959,AKT1;CASP8,4152.0,0.03772498009846353,0.0416807964259239
2960,AKT1;SGK1,4056.0,0.02004821493144935,0.022393869037843874
2961,AKT1;JUN,148.0,1.368670163802007e-32,5.424454227178596e-32
2962,AKT1;CCND3,9061.5,2.3482813604477303e-23,4.8538638646575094e-23
2963,AKT1;SRC,9024.5,2.828804731302122e-23,5.815793665306445e-23
2964,AKT1;ASXL1,564.5,1.7888732768131767e-27,4.489721165335032e-27
2965,AKT1;NCOR2,7.0,2.342729255980064e-34,2.1750662503861302e-33
2966,AKT1;CREB1,8219.0,2.2507116968339134e-15,3.5713772379513335e-15
2967,AKT1;RHOA,1687.5,3.6859587668490244e-16,5.983406997759619e-16
2968,AKT1;PTPRC,121.5,8.024890691126519e-33,3.305604556440197e-32
2969,AKT1;BRAF,6770.5,1.3999327820031313e-05,1.727917033786722e-05
2970,AKT1;LYN,4.0,2.160112682306e-34,2.1750662503861302e-33
2971,AKT1;IKBKB,0.0,1.586696794175799e-34,2.1750662503861302e-33
2972,AKT1;DICER1,358.0,7.131044251222421e-30,2.0992239294910297e-29
2973,AKT1;PTPN11,3458.5,0.00015157547599899875,0.0001814495479918738
2974,AKT1;BCL10,4985.0,0.9716477719601165,0.9741847113124927
2975,AKT1;ARHGAP35,1175.0,6.6602833151433234e-21,1.2647219306118312e-20
2976,GMPS;TP53,9918.0,2.4876453671104348e-33,1.1555513963351697e-32
2977,SF3B1;DDX5,0.0,2.007020668584884e-34,2.1750662503861302e-33
2978,SF3B1;EP300,9709.0,6.520025426045577e-31,2.0844780640530537e-30
2979,SF3B1;NCOR1,8013.5,1.2766648301267424e-13,1.9428241536406964e-13
2980,SF3B1;ZRSR2,0.0,2.0628373163354113e-34,2.1750662503861302e-33
2981,SF3B1;EIF1AX,1045.5,4.136761990978582e-22,8.174184929000561e-22
2982,SF3B1;CRNKL1,9960.0,7.4232345584985385e-34,4.3630439854032227e-33
2983,SF3B1;SRSF2,1.0,2.5396184406854356e-34,2.1793326684359512e-33
2984,TMEM127;NF1,9994.0,2.8612558006493604e-34,2.2581884895286096e-33
2985,TMEM127;SDHD,4625.0,0.3532674434541593,0.3698552816048393
2986,TMEM127;SDHB,3253.5,1.669058440430165e-05,2.0556899394606735e-05
2987,TMEM127;MAX,4339.5,0.1063419158669839,0.1148133899519826
2988,CUX1;FGFR1,9817.0,4.4152965791867674e-32,1.599503666422376e-31
2989,DNAJB1;MDM2,860.0,4.197178164794742e-24,9.032034705809856e-24
2990,DNAJB1;TP53,6120.0,0.006176331608565607,0.007003084658531082
2991,RARA;ASXL1,97.5,4.052739032756895e-33,1.776682463024658e-32
2992,RARA;TRIM24,422.0,4.077151075910017e-29,1.128153252069257e-28
2993,RARA;NCOR1,1314.0,1.795417900292691e-19,3.230069892457855e-19
2994,RARA;NCOR2,0.0,1.6510259167461078e-34,2.1750662503861302e-33
2995,RARA;KMT2D,636.5,1.219588758205527e-26,2.920927753540056e-26
2996,RARA;EP300,1080.5,7.937279554998621e-22,1.5577080148821824e-21
2997,RARA;EZH2,717.5,9.92102878131098e-26,2.290385802819689e-25
2998,RARA;JUN,37.0,5.841054940644518e-34,3.637240698174316e-33
2999,RARA;SRC,2890.0,1.8655173784934563e-07,2.4365941270118614e-07
3000,RARA;KMT2C,3.0,2.3206052760336717e-34,2.1750662503861302e-33
3001,RARA;NF1,7234.5,4.4991180460219047e-08,5.99651059276965e-08
3002,RARA;NUMA1,40.0,6.639286643660657e-34,3.983571986196394e-33
3003,RARA;CCND3,4247.5,0.06297204459319586,0.0687618913472622
3004,BCL9L;LEF1,9311.0,4.2644621671469246e-26,9.971570534275894e-26
3005,ABI1;CBL,9446.0,1.4384777579544417e-27,3.626097105390627e-27
3006,ABI1;RAC1,9538.0,1.4016255128209144e-28,3.740554264331336e-28
3007,ABI1;SRC,9982.0,4.215090293377774e-34,2.8396397765913425e-33
3008,SMARCB1;CCND1,9842.5,1.6320060890693136e-32,6.365928943367435e-32
3009,SMARCB1;KMT2C,9614.0,6.88192493625659e-30,2.034553685175601e-29
3010,SMARCB1;EP300,6681.5,2.065483519487773e-05,2.5403242147152113e-05
3011,SMARCB1;NCOR1,9629.5,4.50439443387308e-30,1.3513183301619242e-29
3012,SMARCB1;TP53,9809.0,3.023017696172094e-32,1.1331398219057222e-31
3013,SMARCB1;EZH2,10000.0,5.459047292771536e-35,2.1750662503861302e-33
3014,SMARCB1;SMARCE1,1962.0,3.0823362184547296e-14,4.755604451330154e-14
3015,SMARCB1;KMT2A,8426.0,4.325117364916132e-17,7.196728749711195e-17
3016,SMARCB1;PBRM1,4998.0,0.996979796866754,0.9972683583130251
3017,SMARCB1;POLR2A,4952.5,0.9075920528999823,0.9139388504727095
3018,SDHB;NF1,9954.5,7.295685280984801e-34,4.3174466320348414e-33
3019,SDHB;SDHD,9999.5,3.428668282933797e-35,2.1750662503861302e-33
3020,TP53;MAPK1,9983.0,2.921609148351428e-34,2.2727437624477888e-33
3021,TP53;DDX5,39.5,6.71941005028121e-34,4.024658775350409e-33
3022,TP53;CCND1,9872.5,8.38111240587263e-33,3.4318867861013995e-32
3023,TP53;CDKN1B,9777.0,1.308757587472727e-31,4.518547674631113e-31
3024,TP53;MSH2,2486.5,5.91789359495293e-10,8.297054873897496e-10
3025,TP53;KRAS,10000.0,2.214200618891863e-34,2.1750662503861302e-33
3026,TP53;VHL,8962.0,2.216336704107337e-22,4.435240098086252e-22
3027,TP53;MDM2,9030.0,3.336599435375989e-23,6.847557986139797e-23
3028,TP53;KAT7,8314.5,4.2277645716534226e-16,6.853261894762771e-16
3029,TP53;SMAD2,1365.0,5.867030002645058e-19,1.0339855017410158e-18
3030,TP53;KMT2C,1342.5,2.709795249323479e-19,4.834823119082056e-19
3031,TP53;EP300,9748.5,2.767301990751347e-31,9.108376838130148e-31
3032,TP53;PMS2,8367.5,1.1810439561544843e-16,1.9418115663510456e-16
3033,TP53;DAXX,6529.0,0.00018028706956843947,0.00021544678852991936
3034,TP53;NCOR1,4055.5,0.020728212149483935,0.023130998123544227
3035,TP53;SRSF2,317.0,2.5166555780180047e-30,7.751837502344228e-30
3036,TP53;EZH2,162.0,1.8754552387511262e-32,7.250081996782876e-32
3037,TP53;JUN,4558.0,0.2790078020727188,0.2940686074910998
3038,TP53;SRC,10000.0,2.240014179552747e-34,2.1750662503861302e-33
3039,TP53;UBR5,8775.0,1.9040503605291105e-20,3.549297759432905e-20
3040,TP53;MAP3K1,4408.0,0.14737976331222688,0.15798525496496776
3041,TP53;NF1,6572.5,9.085364062094666e-05,0.00010974840335057381
3042,TP53;POLR2A,50.5,1.0182924140630082e-33,5.594942103341425e-33
3043,TP53;CASP8,1783.0,3.4457842469594683e-15,5.447680858870962e-15
3044,TP53;SMAD3,9029.5,4.6335731263961527e-23,9.464319577319802e-23
3045,TP53;CREB1,1630.5,1.254337912286447e-16,2.0603573312081563e-16
3046,TP53;BAP1,1002.0,1.3080566538866372e-22,2.6282812766466385e-22
3047,TP53;PPM1D,9981.5,3.0392840995329314e-34,2.3085199665902882e-33
3048,TP53;HMGA1,5051.0,0.9016242307094534,0.9085754735805557
3049,TP53;MDM4,9213.5,2.541807081398656e-25,5.76031821200902e-25
3050,TP53;RAD17,9893.5,5.075221153057688e-33,2.1788775534120956e-32
3051,TP53;NUMA1,4229.5,0.05856523512991584,0.06413227268979378
3052,TP53;FGFR1,5683.0,0.09220812285652848,0.09980309194868851
3053,TP53;ZRSR2,69.0,1.769857156953904e-33,8.750538389746341e-33
3054,TP53;IKBKB,9351.0,1.4063256231307417e-26,3.3495943167056125e-26
3055,TP53;CCND3,4601.5,0.33025218965200553,0.3465993220277349
3056,TP53;PBRM1,9395.0,3.866298094020002e-27,9.523824813209641e-27
3057,TP53;LYN,4996.0,0.9931450554993281,0.9937201250161198
3058,TP53;BAX,7557.0,4.115131566969159e-10,5.781258006278623e-10
3059,TP53;ASXL1,429.0,5.0166006279868947e-29,1.3803639944524448e-28
3060,TP53;PTPRC,10000.0,2.157693292400065e-34,2.1750662503861302e-33
3061,TP53;CNOT3,8051.5,8.191357919258112e-14,1.2531798569701654e-13
3062,TP53;EML4,9960.5,6.841913324117616e-34,4.083877797608028e-33
3063,TP53;HLA-A,7807.5,6.765461269178991e-12,9.924208041715872e-12
3064,TP53;ATR,6282.0,0.0015653903517621472,0.001811784680405218
3065,TP53;DICER1,2449.0,3.488372037747034e-10,4.920740311205612e-10
3066,TP53;TRIM24,9850.0,1.5688270773082675e-32,6.154218364560015e-32
3067,TP53;STAT6,9925.5,1.5228395215817036e-33,7.671914557706075e-33
3068,TP53;KMT2A,9927.0,1.763021419511011e-33,8.737062930414582e-33
3069,TP53;SGK1,9999.5,2.0684446129664513e-34,2.1750662503861302e-33
3070,TP53;RHOA,5387.5,0.3440656705529107,0.36065846449222305
3071,TP53;RBM10,7559.0,3.6523433836122393e-10,5.141547345728676e-10
3072,TP53;NCOR2,412.0,2.5598386777680906e-29,7.169207836601719e-29
3073,TP53;KMT2D,1552.0,2.1433785615436122e-17,3.5871728518790946e-17
3074,TP53;BRAF,6197.5,0.002696000102004963,0.0030893157667536975
3075,TP53;PTPN11,5778.5,0.0546594457287893,0.06000732034266068
3076,TP53;DROSHA,8780.5,1.683118247236661e-20,3.149353904953926e-20
3077,CASP8;MAPK1,5402.0,0.32225367083836365,0.3384104182368231
3078,CASP8;CCND1,1024.5,2.3475792035120005e-22,4.68738732409338e-22
3079,CASP8;CDKN1B,2832.5,9.295384053657654e-08,1.2294239299441582e-07
3080,CASP8;MDM2,6856.5,4.525845561354758e-06,5.68362000728272e-06
3081,CASP8;CUL3,12.0,2.2261084604514784e-34,2.1750662503861302e-33
3082,CASP8;DAXX,4569.0,0.29220338794027234,0.3076949752350948
3083,CASP8;BAX,2080.5,9.728154513936803e-13,1.4485352003518135e-12
3084,CASP8;BCL10,10000.0,1.6687125419167575e-34,2.1750662503861302e-33
3085,CASP8;IKBKB,2638.5,1.420570305291182e-09,1.9685208400506517e-09
3086,CASP8;JUN,9331.5,3.026750801905074e-26,7.125647664430472e-26
3087,CASP8;SRC,9507.5,3.052102403036017e-28,7.9849098447331375e-28
3088,CASP8;RHOA,191.0,6.708678235545881e-32,2.377968408415032e-31
3089,CASP8;LYN,197.0,5.3650745105792e-32,1.927411383426374e-31
3090,CASP8;BIRC6,6649.0,4.717952035653408e-05,5.753437627105921e-05
3091,ASXL1;KRAS,9774.5,1.8356495991955298e-31,6.213521072301421e-31
3092,ASXL1;KMT2C,8094.5,3.3100551231093345e-14,5.102386487718938e-14
3093,ASXL1;ZRSR2,0.0,1.633521855547148e-34,2.1750662503861302e-33
3094,ASXL1;PPM1D,6877.0,2.6732914033330747e-06,3.3755553854289758e-06
3095,ASXL1;EZH2,0.0,1.094921267115907e-34,2.1750662503861302e-33
3096,ASXL1;NF1,7405.0,2.5005397812084538e-09,3.444346545977049e-09
3097,ASXL1;KMT2A,9587.5,1.3370567820242792e-29,3.841120730403914e-29
3098,ASXL1;ASXL2,9685.5,6.821537697610565e-31,2.176845270816446e-30
3099,ASXL1;PTPN11,9947.0,8.168195987686928e-34,4.642974561422043e-33
3100,ASXL1;BAP1,14.5,2.0166192744467435e-34,2.1750662503861302e-33
3101,ASXL1;SRSF2,8.5,3.1678151691359203e-34,2.352221943645905e-33
3102,MAP2K2;MAPK1,1479.0,6.379227099450244e-18,1.0855051135253591e-17
3103,MAP2K2;KRAS,5788.0,0.054124272198626915,0.05945756030465817
3104,MAP2K2;PRKACA,836.0,1.1567805530439011e-24,2.5627138405895653e-24
3105,MAP2K2;ARAF,2893.0,2.404353337253645e-07,3.130913765466691e-07
3106,MAP2K2;BRAF,9169.0,1.1475838536148763e-24,2.5439703643957746e-24
3107,MAP2K2;PTPN11,4528.5,0.24708278260475713,0.2609774134113816
3108,MAP2K2;SGK1,6243.0,0.00230774308754423,0.0026523312639018487
3109,MAP2K2;MAP3K1,9998.0,1.733610493556039e-34,2.1750662503861302e-33
3110,MAP2K2;SRC,10000.0,2.368721933070201e-34,2.1750662503861302e-33
3111,SND1;STAT6,8066.0,4.685288479289925e-14,7.190211804807274e-14
3112,SND1;DICER1,8130.0,1.5088185836044715e-14,2.352041959827268e-14
3113,SND1;BRAF,9903.5,2.8617398125917087e-33,1.308223914327638e-32
3114,SND1;DROSHA,9691.0,1.4691868617788823e-30,4.6033633674594894e-30
3115,RHOA;MYH9,0.0,2.4425576657604643e-34,2.1750662503861302e-33
3116,RHOA;CDKN1B,8.5,2.9558624359336727e-34,2.2853379370440206e-33
3117,RHOA;PLCG1,258.0,4.70446632423853e-31,1.5295047616715295e-30
3118,RHOA;ITGAV,134.0,1.2782616526966128e-32,5.101238189052533e-32
3119,RHOA;SMAD2,107.5,6.154758862323954e-33,2.6003479985564286e-32
3120,RHOA;CUL3,1970.0,1.3013063472942186e-13,1.9785810542229737e-13
3121,RHOA;PRKACA,0.0,2.0842147966890045e-34,2.1750662503861302e-33
3122,RHOA;RAC1,2656.0,8.117825384048006e-09,1.1006357209599807e-08
3123,RHOA;ARHGEF10L,9812.0,4.0785414194331506e-32,1.4884307439874306e-31
3124,RHOA;JUN,2733.5,2.5225681018077504e-08,3.377758760111424e-08
3125,RHOA;SRC,2536.0,1.1746468820146532e-09,1.6316638361103863e-09
3126,RHOA;MAP3K1,2264.5,2.269443113950184e-11,3.283045375392145e-11
3127,RHOA;CREB1,82.5,2.882585771670764e-33,1.3160127380309327e-32
3128,RHOA;ARHGAP35,2885.5,2.3138653242942975e-07,3.016491346948733e-07
3129,RHOA;LYN,83.0,2.7604421547552113e-33,1.266943969035061e-32
3130,TFE3;PRCC,2252.0,1.7439219644279497e-11,2.5334150101147515e-11
3131,TFE3;NONO,14.0,3.6052420781799254e-34,2.542799310650984e-33
3132,TFE3;FLCN,0.0,2.372200862860876e-34,2.1750662503861302e-33
3133,TFE3;SMAD3,0.0,2.4424199044331513e-34,2.1750662503861302e-33
3134,MAPK1;PTPN11,9997.0,9.699836407116482e-35,2.1750662503861302e-33
3135,MAPK1;ITGAV,9874.5,6.386596437968109e-33,2.6884381595149553e-32
3136,MAPK1;BRAF,9631.0,6.150029091002341e-30,1.8244206470818963e-29
3137,MAPK1;ARAF,9948.0,4.759351286712906e-34,3.109322882207902e-33
3138,MAPK1;CCND1,4657.0,0.39571099421165745,0.4130405303520049
3139,MAPK1;NFATC2,6328.5,0.0010976961957655977,0.001278179936848351
3140,MAPK1;MDM2,342.5,3.1398132191760155e-30,9.568954572726904e-30
3141,MAPK1;PLCG1,6682.0,3.535663328253812e-05,4.3269307586562234e-05
3142,MAPK1;LYN,1746.5,2.508614613226805e-16,4.0875870359791787e-16
3143,MAPK1;PRKACA,5270.5,0.5049558754952945,0.5210891327894112
3144,MAPK1;CDKN1B,464.0,6.402426373667699e-29,1.7463919137644491e-28
3145,MAPK1;KRAS,8965.0,2.23376342757647e-22,4.46752685515294e-22
3146,MAPK1;BCL10,3457.5,0.00013810100067591718,0.00016577876288154558
3147,MAPK1;RAC1,8310.0,3.3541086635797554e-16,5.449835233348206e-16
3148,MAPK1;CREB3L2,192.5,4.3049494021704e-32,1.5660952772527267e-31
3149,MAPK1;SMAD3,9638.5,5.180276677218168e-30,1.5433651893505162e-29
3150,MAPK1;CREB1,7507.5,6.285499477774775e-10,8.805304497442086e-10
3151,MAPK1;MAP3K1,9128.5,4.5153599946580506e-24,9.698622835014432e-24
3152,MAPK1;SMAD2,9185.0,1.0529706763883286e-24,2.3372297094399898e-24
3153,MAPK1;SRC,9983.0,2.2458565935273753e-34,2.1750662503861302e-33
3154,MAPK1;EP300,3530.0,0.00027393693664185166,0.00032578322540751525
3155,MAPK1;JUN,15.0,3.5131243486528507e-34,2.498221759042027e-33
3156,TMSB4X;B2M,1213.0,8.998695660396878e-21,1.7022163219667e-20
3157,BRAF;CCND1,8589.5,1.4771225918791543e-18,2.5665840510479422e-18
3158,BRAF;MSH2,9999.0,1.3806297202990598e-34,2.1750662503861302e-33
3159,BRAF;KRAS,6224.0,0.0026489452000806658,0.0030394271618455447
3160,BRAF;MDM2,9936.0,4.858519529198092e-34,3.1509566345982295e-33
3161,BRAF;EP300,8303.5,2.6332157863387664e-16,4.2885927227081886e-16
3162,BRAF;PMS2,8765.5,2.843304756030564e-20,5.271706672125337e-20
3163,BRAF;ARAF,5195.0,0.63357234951615,0.6493552906072997
3164,BRAF;PRKACA,9980.5,1.48883104087148e-34,2.1750662503861302e-33
3165,BRAF;EZH2,9096.5,5.1013557269631364e-24,1.094369049806617e-23
3166,BRAF;EML4,9887.0,4.2049543772016386e-33,1.827965072655203e-32
3167,BRAF;TRIM24,6078.0,0.007149522807824145,0.008090619130268581
3168,BRAF;AKAP9,2640.0,7.326979695178521e-09,9.945813757477208e-09
3169,BRAF;NF1,4729.0,0.5003272788895898,0.5164668685311895
3170,BRAF;QKI,9951.5,8.05566997329027e-34,4.614680387748732e-33
3171,BRAF;SRC,8916.5,9.519642546524469e-22,1.8629606251862154e-21
3172,BRAF;EIF1AX,2792.5,6.770716932771526e-08,8.996385128665281e-08
3173,BRAF;HLA-A,9925.5,2.305963800432494e-33,1.0902066886860055e-32
3174,BRAF;MAP3K1,9623.5,2.362487866920786e-30,7.28996256078414e-30
3175,BRAF;PBRM1,3763.0,0.0021077804098045497,0.0024281630320948412
3176,BRAF;PTPN11,8631.5,1.8649622732137921e-19,3.34821278765032e-19
3177,QKI;UBR5,10000.0,1.8053686926389217e-34,2.1750662503861302e-33
3178,KDM5C;EIF1AX,6214.5,0.0029628903211115646,0.003382804410228466
3179,KDM5C;KMT2A,9911.0,1.9161450302521964e-33,9.32703834443886e-33
3180,KDM5C;PBRM1,3802.5,0.0029518904273846775,0.003371359324864985
3181,KDM5C;NSD1,8342.0,1.115057930521156e-16,1.835066765657674e-16
3182,DICER1;DDX5,9055.0,1.3642532230375042e-23,2.859223249737789e-23
3183,DICER1;CCND1,9737.0,5.1745441096408544e-31,1.6744592175017597e-30
3184,DICER1;SMAD2,6185.0,0.00359180440036258,0.004094088393025421
3185,DICER1;CREB1,5880.0,0.029018147186468377,0.0321844405251716
3186,DICER1;DROSHA,8486.5,4.707447944931943e-19,8.338769911678523e-19
3187,CREB3L2;EP300,9980.0,3.171688153179953e-34,2.352221943645905e-33
3188,CREB3L2;PRKACA,748.5,1.558951291879633e-25,3.5633172385820183e-25
3189,CREB3L2;CREB1,4936.5,0.8764682211161027,0.8862124552888387
3190,SGK1;MDM2,9928.0,9.876241776569447e-34,5.4437466634488055e-33
3191,SGK1;CREB1,10000.0,1.6035292993742786e-34,2.1750662503861302e-33
3192,KMT2D;KMT2C,3276.0,8.792695296375476e-06,1.0915070023086797e-05
3193,KMT2D;EP300,9496.5,8.694026829639186e-29,2.343725173419113e-28
3194,KMT2D;NCOR1,5707.0,0.06652971088158025,0.07246349852087657
3195,KMT2D;POLR2A,9992.0,1.2246883123163585e-34,2.1750662503861302e-33
3196,KMT2D;EZH2,9837.5,7.94185375108215e-33,3.2792170327048877e-32
3197,KMT2D;KMT2A,9630.5,1.689010642079824e-30,5.2730088338101816e-30
3198,FIP1L1;NUP98,5308.0,0.4501244319531291,0.4674369101051726
3199,CCND3;CCND1,547.5,9.696080888571985e-28,2.4657583186832067e-27
3200,CCND3;CDKN1B,2828.0,9.888266755033759e-08,1.3068393845275975e-07
3201,CCND3;SRC,9278.0,7.828379896155048e-26,1.8182043629779464e-25
3202,CUL3;KRAS,8920.5,7.527119895181624e-22,1.4797341500425308e-21
3203,CUL3;DAXX,5194.5,0.6347502834729439,0.6501769352941595
3204,CUL3;NF1,9940.5,7.419995733995281e-34,4.3630439854032227e-33
3205,CUL3;SPOP,9998.5,1.7373450129432131e-34,2.1750662503861302e-33
3206,EML4;PLCG1,5099.0,0.8035164911749834,0.8162707211936339
3207,EML4;KRAS,9001.0,1.292276571960238e-22,2.598084835773463e-22
3208,EML4;WDCP,9998.5,2.0587060929256425e-34,2.1750662503861302e-33
3209,EML4;BIRC6,9288.5,3.676244126199397e-26,8.625322267579847e-26
3210,EML4;TPR,6917.0,1.854892771301685e-06,2.3524805202270175e-06
3211,KAT7;EP300,5299.0,0.46172335477535953,0.4789063367657991
3212,STAT6;CCND1,709.5,8.22701972310048e-26,1.9095084058452155e-25
3213,STAT6;EP300,10000.0,9.07286515186574e-35,2.1750662503861302e-33
3214,STAT6;PTPN11,8475.5,1.258066144071597e-17,2.1147259698012834e-17
3215,STAT6;CREB1,10000.0,7.73090033040986e-35,2.1750662503861302e-33
3216,STAT6;JUN,7716.0,2.7575594084012566e-11,3.9841661017703776e-11
3217,MAX;MSH2,10000.0,1.8196913045742898e-34,2.1750662503861302e-33
3218,MAX;EP300,9971.0,2.3847181896506707e-34,2.1750662503861302e-33
3219,MAX;SMAD3,9947.5,7.941688668180799e-34,4.582049421908654e-33
3220,MAX;KMT2A,8829.5,6.32193402511218e-21,1.201132709773925e-20
3221,TCF12;DDX5,9509.0,1.562019903314811e-28,4.16217485416807e-28
3222,TCF12;SMAD2,8653.0,2.358093601749552e-19,4.2138425479040596e-19
3223,TCF12;EP300,3724.5,0.001345076680069982,0.0015604514959120033
3224,TCF12;SMAD3,9393.0,3.2078218848690536e-27,7.941427245062643e-27
3225,TCF12;CREB1,9583.0,1.3518472073777967e-29,3.880385339449888e-29
3226,MDM2;CCND1,886.5,2.031833599555121e-24,4.435891926760896e-24
3227,MDM2;KRAS,9684.5,1.7598367114524876e-30,5.484216117925876e-30
3228,MDM2;MDM4,2875.0,1.0867044466050748e-07,1.4334544150637933e-07
3229,MDM2;DAXX,4708.0,0.47492339108857284,0.49141773640781666
3230,MDM2;SRC,1992.5,1.5239483448257448e-13,2.314044586870727e-13
3231,MDM2;JUN,231.0,2.1487932786611554e-31,7.188992808376527e-31
3232,MDM2;EP300,2520.0,8.531226272699116e-10,1.1907882874979056e-09
3233,MDM2;EZH2,4978.5,0.9588478659228942,0.9620256360046293
3234,MDM2;RFWD3,6433.0,0.00044418209344908115,0.0005241015073267411
3235,MDM2;PPM1D,9156.0,1.277257582392865e-24,2.8187753542463228e-24
3236,MDM2;CREB1,4507.0,0.22114022448846937,0.2344357717276534
3237,MDM2;NF1,9925.0,2.6133535983709913e-34,2.202865862431743e-33
3238,MDM2;SMAD2,4504.0,0.22191467270796938,0.2351846393372408
3239,ITGAV;SRC,5623.5,0.1272142815552044,0.13696341341270604
3240,HMGA1;PCBP1,9816.5,4.522353662411691e-32,1.636571126418304e-31
3241,HMGA1;JUN,8003.0,2.0891886187368277e-13,3.162608789467576e-13
3242,PLCG1;LYN,98.0,1.8877610269617388e-33,9.214833487542047e-33
3243,PLCG1;PTPN11,9886.5,2.9497832915908774e-33,1.3413751389129042e-32
3244,PLCG1;JUN,476.5,1.973741911735999e-28,5.235036106645904e-28
3245,PLCG1;SRC,7415.5,2.6464601987491677e-09,3.6424398434397146e-09
3246,PLCG1;CBL,7681.0,2.2473237051864217e-11,3.253770726905854e-11
3247,PLCG1;RAC1,6415.0,0.0005046670701866949,0.000593645130893539
3248,PLCG1;BCL10,9995.5,2.4621730467570914e-34,2.1750662503861302e-33
3249,PLCG1;FGFR1,9427.0,9.093265545609308e-28,2.319286031411496e-27
3250,SMAD2;DDX5,9885.0,2.7023326881922772e-33,1.2452349027190013e-32
3251,SMAD2;CCND1,9429.5,2.1854627186560315e-27,5.4731588084603216e-27
3252,SMAD2;SMAD3,9881.5,3.5053039811740096e-34,2.49780011524482e-33
3253,SMAD2;SRC,9919.0,2.644797441940491e-33,1.2252573672046027e-32
3254,SMAD2;JUN,2713.0,2.0700303132801085e-08,2.7771835258913258e-08
3255,SMAD2;EP300,9361.0,3.326036079818778e-27,8.216426513119153e-27
3256,SMAD2;LEF1,8234.0,1.679203498703048e-15,2.670652228033932e-15
3257,SMAD2;NCOR1,3642.0,0.0007179963913509663,0.0008417216853829509
3258,SMAD2;DROSHA,5349.5,0.3817340661004458,0.39857188291333556
3259,SMAD2;NCOR2,5059.5,0.8829168538747394,0.8919499114268048
3260,NUMA1;NUP98,8408.0,3.632210365273642e-17,6.058358601537503e-17
3261,NUMA1;STAG1,8652.0,2.7841709427473645e-19,4.959842669141697e-19
3262,PCBP1;RBM10,444.0,7.004623837841338e-29,1.9016480741225191e-28
3263,PCBP1;SRSF2,1607.0,1.0470248101704627e-16,1.724746303121601e-16
3264,PCBP1;SMAD3,146.5,1.924131197640448e-32,7.429941250330043e-32
3265,PCBP1;PABPC1,3026.5,1.4172420498248971e-06,1.8067091568405919e-06
3266,THRAP3;NCOR1,8342.0,2.187596861861372e-16,3.5746263615096464e-16
3267,AKAP9;PRKACA,10000.0,2.0049734575731185e-34,2.1750662503861302e-33
3268,AKAP9;TRIM24,6488.5,0.00023753190803316922,0.000282974930769608
3269,AKAP9;PDE4DIP,9942.0,8.065008548033086e-34,4.614680387748732e-33
3270,AKAP9;SRC,1243.0,4.145476279908249e-20,7.63686888238961e-20
3271,PRDM2;EP300,9987.0,2.3860694589480463e-34,2.1750662503861302e-33
3272,PRDM2;KMT2C,6508.0,0.00017947439227782884,0.00021454980965485176
3273,MSH2;PMS2,5830.0,0.0364622270693563,0.04033721406904461
3274,MSH2;POLD1,4430.5,0.16349051645135326,0.17476746825112183
3275,MSH2;NF1,9997.0,1.014091961525781e-34,2.1750662503861302e-33
3276,MSH2;JUN,5.0,2.7659665577571548e-34,2.2581884895286096e-33
3277,MSH2;ATR,7814.5,8.902683370432537e-13,1.3279099580584742e-12
3278,MSH2;KRAS,7625.5,1.2923728726557502e-10,1.8387981259358882e-10
3279,CRNKL1;PRCC,9932.5,1.5197294234850995e-33,7.667423193524823e-33
3280,DROSHA;DDX5,9859.5,7.132854712022987e-33,2.970017576476078e-32
3281,DROSHA;SMAD3,9520.0,1.1284754412674024e-28,3.031511692824527e-28
3282,MDM4;CCND1,7851.5,2.713971444667326e-12,4.0117559079428055e-12
3283,MDM4;DAXX,627.5,1.1102529864102387e-26,2.6694969765975745e-26
3284,MDM4;PPM1D,3184.0,3.4622365377631656e-06,4.355838905900801e-06
3285,NCOR1;KMT2C,2211.5,3.4817791912836454e-12,5.142320036357384e-12
3286,NCOR1;EP300,9233.5,5.5480350400418e-26,1.292049130618899e-25
3287,NCOR1;NCOR2,5179.0,0.6512521195524779,0.6660927271895127
3288,NCOR1;POLR2A,6976.0,1.12664270509422e-06,1.4394370383754618e-06
3289,NCOR1;CREB1,9050.0,1.475354096414106e-23,3.084587874898457e-23
3290,NCOR1;SMAD3,5216.0,0.58812038118252,0.6042045295382845
3291,NCOR1;SMARCE1,7713.0,2.843073311332344e-11,4.106001405752018e-11
3292,NCOR1;JUN,3863.0,0.005410647368796955,0.006142968891774729
3293,NCOR1;EZH2,6237.5,0.0021220050440299374,0.0024437352323117174
3294,TCEA1;EP300,1511.5,1.2720422890684358e-17,2.1371794608753106e-17
3295,TCEA1;POLR2A,13.5,3.1340130111752663e-34,2.352221943645905e-33
3296,CCND1;CDKN1B,0.0,1.813083032154274e-34,2.1750662503861302e-33
3297,CCND1;KRAS,9295.5,6.131676087195012e-26,1.42700825301993e-25
3298,CCND1;PBRM1,9642.0,4.669194726080619e-30,1.3971200842713956e-29
3299,CCND1;LEF1,2348.0,6.466897405939339e-11,9.289109490825584e-11
3300,CCND1;FGFR1,4.0,2.3213008931927147e-34,2.1750662503861302e-33
3301,CCND1;JUN,127.5,8.307270525446974e-33,3.41378441568903e-32
3302,CCND1;EZH2,8176.0,4.848448956824246e-15,7.644269888131658e-15
3303,CCND1;EP300,9862.0,9.489014460568224e-33,3.8400508168294826e-32
3304,CCND1;SRC,4151.0,0.033627493285989435,0.03723698071015043
3305,CCND1;CREB1,1012.5,6.09870894124519e-23,1.242023459100965e-22
3306,JUN;KRAS,429.5,4.3847197138600185e-29,1.210350745295545e-28
3307,JUN;KMT2C,4799.0,0.6233699512866681,0.6394676615157985
3308,JUN;EP300,2192.0,5.816317635997361e-12,8.550061144196886e-12
3309,JUN;CBL,2451.0,4.3672115808661737e-10,6.132906632862046e-10
3310,JUN;LEF1,1273.0,8.116925942491315e-20,1.479540931289556e-19
3311,JUN;DAXX,816.0,1.135004867497984e-24,2.5177001425372483e-24
3312,JUN;PRKACA,827.5,1.4967761263418934e-24,3.290622323560804e-24
3313,JUN;EZH2,1.5,2.368468391622972e-34,2.1750662503861302e-33
3314,JUN;SMAD3,980.0,6.984266691958159e-23,1.417359112589982e-22
3315,JUN;NCOR2,1693.0,5.204659196160033e-16,8.413144144962148e-16
3316,JUN;LYN,7854.5,2.7098511032708402e-12,4.007379295209253e-12
3317,JUN;NFATC2,4382.5,0.12964744130555578,0.13936595867869386
3318,JUN;IKBKB,6193.5,0.0034569923855875136,0.003941724079376591
3319,JUN;SRC,1968.0,9.704659944885215e-14,1.4814180551909588e-13
3320,JUN;CREB1,1833.5,8.608288623406086e-15,1.3498296498408091e-14
3321,JUN;MAP3K1,9046.0,4.4774387527508053e-23,9.150815097283728e-23
3322,PRCC;RBM10,9927.0,1.410960249635657e-33,7.234834751840996e-33
3323,PRCC;NONO,7011.5,7.394766379847128e-07,9.504021051971615e-07
3324,DDX5;RBM10,2229.0,7.951400398309835e-12,1.1653960889125866e-11
3325,DDX5;SMAD3,9992.5,1.7454865107029681e-34,2.1750662503861302e-33
3326,DDX5;POLR2A,1860.0,1.5300625419135096e-14,2.3840830229274522e-14
3327,DDX5;EZH2,229.0,1.5406488725853692e-31,5.266550448719126e-31
3328,DDX5;EP300,9998.0,1.0678300852808891e-34,2.1750662503861302e-33
3329,DDX5;SRSF2,0.0,2.360446054686527e-34,2.1750662503861302e-33
3330,DDX5;NONO,6795.5,9.819864718662633e-06,1.2172687398743925e-05
3331,DDX5;PABPC1,5763.5,0.061887900432257906,0.06762079794305512
3332,ZRSR2;PTPN11,9449.5,1.0046454204973318e-27,2.5529813038520433e-27
3333,ZRSR2;SRSF2,7.0,2.87230986738737e-34,2.2581884895286096e-33
3334,ZRSR2;EZH2,0.5,1.981549642583465e-34,2.1750662503861302e-33
3335,NSD1;EP300,9895.5,3.290582983793351e-33,1.4826929324628188e-32
3336,NSD1;NUP98,9999.0,4.0275298499157957e-35,2.1750662503861302e-33
3337,NSD1;PBRM1,1267.0,2.8709739015205215e-20,5.3201532459275723e-20
3338,HLA-A;B2M,1650.0,1.2938746321916774e-16,2.1242901324724168e-16
3339,EIF3E;EIF1AX,8747.0,4.4739234512547e-20,8.23316264512047e-20
3340,EIF3E;PABPC1,11.0,1.12496940482604e-34,2.1750662503861302e-33
3341,ZNF384;EP300,9493.0,2.511319572383086e-28,6.610145043530803e-28
3342,ZNF384;KMT2A,9993.5,1.8838159208136828e-34,2.1750662503861302e-33
3343,SRSF2;PABPC1,6444.0,0.000419092661537938,0.000495004866122732
3344,SRSF2;EZH2,0.0,2.4316977927850375e-34,2.1750662503861302e-33
3345,SRSF2;RBM10,234.5,1.832493861787316e-31,6.208920378761729e-31
3346,SRSF2;POLR2A,134.0,1.3423045451382907e-32,5.332189089652797e-32
3347,MSI2;NUP98,6581.5,7.514718431461037e-05,9.112584876887489e-05
3348,PABPC1;CNOT3,9976.5,3.443339627093843e-34,2.4731797652399065e-33
3349,PABPC1;UBR5,9953.0,5.261439205062005e-34,3.3610968378362824e-33
3350,PABPC1;LSM14A,8249.0,3.420758451933155e-16,5.555517485846327e-16
3351,VHL;EP300,9883.5,2.4578268362854854e-33,1.147056900470306e-32
3352,VHL;POLR2A,9494.0,3.3818979168023395e-28,8.80771605159675e-28
3353,IKBKB;SRC,8334.0,3.0006750877031383e-16,4.882454379991546e-16
3354,IKBKB;MAP3K1,9597.5,9.056840277151631e-30,2.6369368153189587e-29
3355,IKBKB;BCL10,5186.0,0.6487793947904952,0.6637600912954267
3356,IKBKB;PTPN11,7530.0,3.42757873679686e-10,4.838934687242625e-10
3357,SDHD;NF1,6675.5,3.9012332809569554e-05,4.767560897803125e-05
3358,POLD1;PMS2,9013.0,1.0121143791947147e-22,2.04314678416877e-22
3359,CBL;FGFR1,5257.0,0.5144411685601886,0.5302441630014947
3360,CBL;SRC,8146.5,1.306658846400193e-14,2.03966258950274e-14
3361,CBL;PTPN11,8164.0,2.4432892135490296e-15,3.873397945883232e-15
3362,CBL;LYN,9688.5,3.967732612833665e-31,1.2936305575427495e-30
3363,KMT2A;KMT2C,8630.0,2.261868971852708e-19,4.0439830143419337e-19
3364,KMT2A;EP300,9964.5,3.3265947837976785e-34,2.4102120697703935e-33
3365,KMT2A;NUP98,8080.5,2.664507866245175e-14,4.115986042480408e-14
3366,KMT2A;CREB1,9596.0,1.0014573402030067e-29,2.908434090539152e-29
3367,CREB1;EP300,9582.5,8.097793860467258e-30,2.3777379423767922e-29
3368,CREB1;PRKACA,1184.5,7.888032965069624e-21,1.4945746670658234e-20
3369,CREB1;SMAD3,5047.5,0.9036398311413358,0.9102242076433857
3370,CREB1;CRTC1,9848.5,1.6581411546063098e-32,6.460581544892228e-32
3371,CREB1;SRC,9986.0,2.6562050088392026e-34,2.2117499164379123e-33
3372,CREB1;NFATC2,2246.0,8.769680974525337e-12,1.2842380274559138e-11
3373,CNTRL;NIN,1184.0,7.267376277666131e-21,1.379245053026587e-20
3374,CNTRL;FGFR1,8887.5,1.7500641294866934e-21,3.395969473052225e-21
3375,MAP3K1;KRAS,9701.5,1.319706690121778e-30,4.146278473691695e-30
3376,MAP3K1;RAC1,9817.0,4.356596785978254e-32,1.5805400160136e-31
3377,KMT2C;KRAS,5010.0,0.9814585569384917,0.9828805484727405
3378,KMT2C;EP300,5482.5,0.23375293102091566,0.24727582785683638
3379,KMT2C;EZH2,2843.0,6.026297884946932e-08,8.013422658859792e-08
3380,KMT2C;NF1,5760.0,0.05782088407125067,0.06335731621757841
3381,KMT2C;PBRM1,697.5,8.221863721184928e-27,1.9884367404069356e-26
3382,KMT2C;NCOR2,3283.0,1.9868403200773205e-05,2.4444713941570734e-05
3383,KRAS;PTPN11,9956.0,8.052174259631474e-34,4.614680387748732e-33
3384,KRAS;ARAF,6137.0,0.0053390892304082446,0.0060657108416472365
3385,KRAS;LYN,9807.5,6.07810892400784e-32,2.1677961239805055e-31
3386,KRAS;PMS2,9689.5,2.031634893529344e-30,6.291514508994097e-30
3387,KRAS;NF1,9378.5,7.133369873897768e-27,1.7324614395074268e-26
3388,KRAS;ARHGAP35,10000.0,2.2916166885863783e-34,2.1750662503861302e-33
3389,KRAS;FGFR1,2221.5,1.0363027371765886e-11,1.5150009558723732e-11
3390,KRAS;EP300,5857.0,0.03593906538605393,0.03977118474998475
3391,KRAS;EZH2,670.0,2.769710632646442e-26,6.524962472001433e-26
3392,KRAS;SRC,8774.0,1.8486566762884034e-20,3.455358287318941e-20
3393,ATR;PMS2,2310.5,2.608097002025778e-12,3.858554468750466e-12
3394,ATR;RAD17,9894.0,2.0548845004068478e-33,9.86344560195287e-33
3395,ATR;STAG1,5328.0,0.41238188860185443,0.42927464066506293
3396,ATR;B2M,9986.5,3.5725739874326154e-34,2.524911186210045e-33
3397,LEF1;EP300,9912.0,2.4058128606764e-33,1.1296860389263096e-32
3398,LEF1;NF1,9458.0,7.7438512258519305e-28,1.980958537123928e-27
3399,LEF1;SMAD3,9916.5,1.9402661512572026e-33,9.43116711497172e-33
3400,SMAD3;EP300,9739.5,1.1466740882577293e-31,3.970847343706125e-31
3401,SMAD3;PRKACA,9932.5,1.2135361731203034e-33,6.431534383941362e-33
3402,SMAD3;EZH2,8473.5,5.997563932972344e-18,1.0220700666840444e-17
3403,SMAD3;NCOR2,4771.0,0.5692898987627923,0.5852069869494975
3404,SMAD3;PTPN11,9961.0,3.883004543644055e-34,2.6785755893879943e-33
3405,SMAD3;NFATC2,9475.0,2.675520882996511e-28,7.015629872257923e-28
3406,LYN;CDKN1B,186.0,2.4325452691765244e-32,9.248488944195895e-32
3407,LYN;RAC1,779.0,4.36976157450326e-25,9.831963542632337e-25
3408,LYN;SRC,9185.5,1.1578300076491403e-24,2.5633955838791986e-24
3409,LYN;PTPRC,8517.0,4.622092891720294e-18,7.896170555504368e-18
3410,LYN;PTPN11,9628.5,3.973953906023331e-30,1.1963401305937832e-29
3411,PMS2;NF1,8656.5,1.2967478267082747e-19,2.3475958559998937e-19
3412,BAX;PRKACA,0.0,2.485350074863457e-34,2.1750662503861302e-33
3413,PDE4DIP;PRKACA,9601.0,1.599436067768159e-29,4.5570082854136507e-29
3414,TRIM24;FGFR1,9969.0,4.1528883294029785e-34,2.8103306206055734e-33
3415,TRIM24;SPOP,9999.5,2.134135385726382e-34,2.1750662503861302e-33
3416,NCOR2;EP300,9923.5,6.124790317706369e-34,3.75972918969684e-33
3417,NCOR2;EZH2,3757.5,0.0021232169275511277,0.002444316356301365
3418,NCOR2;BCOR,10000.0,7.345083049036338e-35,2.1750662503861302e-33
3419,PTPRC;SRC,5928.0,0.023172381211772935,0.025800177019293578
3420,PTPRC;B2M,2877.5,1.6244249156935313e-07,2.1289391386563686e-07
3421,ASXL2;EZH2,9960.5,4.791048046052542e-34,3.1241249145580355e-33
3422,ASXL2;BAP1,69.5,1.4637436874843623e-33,7.450218238506562e-33
3423,PTPN11;NF1,9668.0,1.4665633714519919e-30,4.599313077802254e-30
3424,PTPN11;SRC,9829.0,3.108679746322899e-32,1.1627269700532402e-31
3425,PTPN11;FGFR1,9971.0,2.2525293345980107e-34,2.1750662503861302e-33
3426,SRC;MYH9,10000.0,2.4596988207456655e-34,2.1750662503861302e-33
3427,SRC;CDKN1B,14.5,3.167444882755923e-34,2.352221943645905e-33
3428,SRC;EP300,8894.0,1.4688516010855006e-21,2.8583058183285422e-21
3429,SRC;ARAF,7111.5,1.8033260815764065e-07,2.3598239068262254e-07
3430,SRC;RAC1,4586.5,0.3069867229958222,0.32286856806864317
3431,SRC;FGFR1,5785.0,0.054848148217721285,0.06019536368385035
3432,SRC;ARHGAP35,5801.0,0.04914066234973183,0.05408602836964115
3433,SMARCE1;PBRM1,7839.0,2.194754446599868e-12,3.2526035023366827e-12
3434,CNOT3;POLR2A,8266.5,9.835238188919446e-16,1.577289242733439e-15
3435,MYO5A;MYH9,2759.0,3.5990205836101275e-08,4.804254591331248e-08
3436,PBRM1;EZH2,8274.0,5.681190935041682e-16,9.174857883880399e-16
3437,PBRM1;BAP1,0.0,1.6498971993260825e-34,2.1750662503861302e-33
3438,TPR;NUP98,9629.0,7.61497174060804e-30,2.2397738157907562e-29
3439,BAP1;EZH2,6.0,2.507924869645162e-34,2.1777357662044424e-33
3440,BAP1;EIF1AX,9564.0,6.578877871744785e-29,1.7884250869829796e-28
3441,EP300;CDKN1B,9771.0,1.2481130853187459e-31,4.317796619481067e-31
3442,EP300;EZH2,9626.5,4.1321462504275246e-30,1.2428805432095321e-29
3443,EP300;POLR2A,9999.5,8.081169949177376e-35,2.1750662503861302e-33
3444,EP300;NUP98,9844.0,1.2751953684044514e-32,5.094884616422872e-32
3445,EP300;PRKACA,9126.5,4.080677333136197e-24,8.792282333739836e-24
3446,EP300;NFATC2,9750.5,1.8442729382052419e-31,6.236602029782109e-31
3447,DAXX;EZH2,79.0,2.2311501379852802e-33,1.0577304357856143e-32
3448,DAXX;SPOP,1701.5,6.386993158692249e-16,1.0295451658787506e-15
3449,ARAF;PRKACA,371.5,8.2894112051323e-30,2.4278139936387484e-29
3450,PRKACA;NF1,10000.0,1.6507436669307253e-34,2.1750662503861302e-33
3451,NF1;FGFR1,9929.5,1.1569437143894884e-33,6.189469778529522e-33
3452,RAC1;MYH9,1230.0,3.098360488567636e-20,5.732298634095155e-20
3453,RAC1;ARHGAP35,7974.0,2.58479996768639e-13,3.8957996896311227e-13
3454,EZH2;CDKN1B,8031.0,8.507099018888656e-14,1.3003332246474653e-13
3455,EZH2;POLR2A,0.0,1.594591081805572e-34,2.1750662503861302e-33
